$$SOE
2459580.500000000, A.D. 2022-Jan-01 00:00:00.0000, -5.114268159371531E+09, 1.023191500783853E+09, -6.567539887693868E+08,
2459587.500000000, A.D. 2022-Jan-08 00:00:00.0000, -5.115036421871956E+09, 1.019894611163893E+09, -6.582418237507678E+08,
2459594.500000000, A.D. 2022-Jan-15 00:00:00.0000, -5.115803053984354E+09, 1.016597396049370E+09, -6.597294370844244E+08,
2459601.500000000, A.D. 2022-Jan-22 00:00:00.0000, -5.116568051822865E+09, 1.013299855105483E+09, -6.612168286861298E+08,
2459608.500000000, A.D. 2022-Jan-29 00:00:00.0000, -5.117331410924020E+09, 1.010001990473692E+09, -6.627039983648691E+08,
2459615.500000000, A.D. 2022-Feb-05 00:00:00.0000, -5.118093128453797E+09, 1.006703806100050E+09, -6.641909456750752E+08,
2459622.500000000, A.D. 2022-Feb-12 00:00:00.0000, -5.118853203241394E+09, 1.003405305995285E+09, -6.656776700539101E+08,
2459629.500000000, A.D. 2022-Feb-19 00:00:00.0000, -5.119611634964425E+09, 1.000106493795631E+09, -6.671641709285924E+08,
2459636.500000000, A.D. 2022-Feb-26 00:00:00.0000, -5.120368423796968E+09, 9.968073729014306E+08, -6.686504477327526E+08,
2459643.500000000, A.D. 2022-Mar-05 00:00:00.0000, -5.121123570361142E+09, 9.935079465766042E+08, -6.701364998970910E+08,
2459650.500000000, A.D. 2022-Mar-12 00:00:00.0000, -5.121877075760425E+09, 9.902082179433830E+08, -6.716223268403417E+08,
2459657.500000000, A.D. 2022-Mar-19 00:00:00.0000, -5.122628941623642E+09, 9.869081899004706E+08, -6.731079279650710E+08,
2459664.500000000, A.D. 2022-Mar-26 00:00:00.0000, -5.123379170137221E+09, 9.836078649588881E+08, -6.745933026611404E+08,
2459671.500000000, A.D. 2022-Apr-02 00:00:00.0000, -5.124127763997923E+09, 9.803072449398830E+08, -6.760784503278817E+08,
2459678.500000000, A.D. 2022-Apr-09 00:00:00.0000, -5.124874726013961E+09, 9.770063305399588E+08, -6.775633704397652E+08,
2459685.500000000, A.D. 2022-Apr-16 00:00:00.0000, -5.125620057997443E+09, 9.737051214173267E+08, -6.790480626350548E+08,
2459692.500000000, A.D. 2022-Apr-23 00:00:00.0000, -5.126363760216924E+09, 9.704036178842279E+08, -6.805325266225867E+08,
2459699.500000000, A.D. 2022-Apr-30 00:00:00.0000, -5.127105833280277E+09, 9.671018219600277E+08, -6.820167619187069E+08,
2459706.500000000, A.D. 2022-May-07 00:00:00.0000, -5.127846279385155E+09, 9.637997358116268E+08, -6.835007678566378E+08,
2459713.500000000, A.D. 2022-May-14 00:00:00.0000, -5.128585101547622E+09, 9.604973606194793E+08, -6.849845437474720E+08,
2459720.500000000, A.D. 2022-May-21 00:00:00.0000, -5.129322302840067E+09, 9.571946966280092E+08, -6.864680889444937E+08,
2459727.500000000, A.D. 2022-May-28 00:00:00.0000, -5.130057886117191E+09, 9.538917434217255E+08, -6.879514028452492E+08,
2459734.500000000, A.D. 2022-Jun-04 00:00:00.0000, -5.130791853952917E+09, 9.505885001143134E+08, -6.894344848823246E+08,
2459741.500000000, A.D. 2022-Jun-11 00:00:00.0000, -5.131524208643563E+09, 9.472849654530331E+08, -6.909173345158765E+08,
2459748.500000000, A.D. 2022-Jun-18 00:00:00.0000, -5.132254952238523E+09, 9.439811378519044E+08, -6.923999512303240E+08,
2459755.500000000, A.D. 2022-Jun-25 00:00:00.0000, -5.132984086568977E+09, 9.406770153207452E+08, -6.938823345405308E+08,
2459762.500000000, A.D. 2022-Jul-02 00:00:00.0000, -5.133711613140579E+09, 9.373725952245641E+08, -6.953644840250396E+08,
2459769.500000000, A.D. 2022-Jul-09 00:00:00.0000, -5.134437532499782E+09, 9.340678740505197E+08, -6.968463994075716E+08,
2459776.500000000, A.D. 2022-Jul-16 00:00:00.0000, -5.135161843128974E+09, 9.307628482654092E+08, -6.983280805930849E+08,
2459783.500000000, A.D. 2022-Jul-23 00:00:00.0000, -5.135884542068810E+09, 9.274575163415053E+08, -6.998095274502103E+08,
2459790.500000000, A.D. 2022-Jul-30 00:00:00.0000, -5.136605627183626E+09, 9.241518785968521E+08, -7.012907396216447E+08,
2459797.500000000, A.D. 2022-Aug-06 00:00:00.0000, -5.137325097471204E+09, 9.208459354981778E+08, -7.027717166394134E+08,
2459804.500000000, A.D. 2022-Aug-13 00:00:00.0000, -5.138042952240051E+09, 9.175396871808603E+08, -7.042524580441461E+08,
2459811.500000000, A.D. 2022-Aug-20 00:00:00.0000, -5.138759190723558E+09, 9.142331336825662E+08, -7.057329634053164E+08,
2459818.500000000, A.D. 2022-Aug-27 00:00:00.0000, -5.139473812062881E+09, 9.109262751639810E+08, -7.072132323078390E+08,
2459825.500000000, A.D. 2022-Sep-03 00:00:00.0000, -5.140186815410630E+09, 9.076191120060985E+08, -7.086932643366160E+08,
2459832.500000000, A.D. 2022-Sep-10 00:00:00.0000, -5.140898200065272E+09, 9.043116448079791E+08, -7.101730590652143E+08,
2459839.500000000, A.D. 2022-Sep-17 00:00:00.0000, -5.141607965606821E+09, 9.010038742832407E+08, -7.116526160514624E+08,
2459846.500000000, A.D. 2022-Sep-24 00:00:00.0000, -5.142316111973380E+09, 8.976958010044090E+08, -7.131319348496981E+08,
2459853.500000000, A.D. 2022-Oct-01 00:00:00.0000, -5.143022639238585E+09, 8.943874249728217E+08, -7.146110150636055E+08,
2459860.500000000, A.D. 2022-Oct-08 00:00:00.0000, -5.143727546682603E+09, 8.910787455361698E+08, -7.160898564345291E+08,
2459867.500000000, A.D. 2022-Oct-15 00:00:00.0000, -5.144430832088545E+09, 8.877697628528546E+08, -7.175684587820220E+08,
2459874.500000000, A.D. 2022-Oct-22 00:00:00.0000, -5.145132493445895E+09, 8.844604792192715E+08, -7.190468217344048E+08,
2459881.500000000, A.D. 2022-Oct-29 00:00:00.0000, -5.145832530563099E+09, 8.811508976665319E+08, -7.205249446906716E+08,
2459888.500000000, A.D. 2022-Nov-05 00:00:00.0000, -5.146530944490041E+09, 8.778410205677688E+08, -7.220028269825653E+08,
2459895.500000000, A.D. 2022-Nov-12 00:00:00.0000, -5.147227736715207E+09, 8.745308495232533E+08, -7.234804679532872E+08,
2459902.500000000, A.D. 2022-Nov-19 00:00:00.0000, -5.147922908856910E+09, 8.712203855692059E+08, -7.249578669650155E+08,
2459909.500000000, A.D. 2022-Nov-26 00:00:00.0000, -5.148616462586377E+09, 8.679096293129712E+08, -7.264350233919067E+08,
2459916.500000000, A.D. 2022-Dec-03 00:00:00.0000, -5.149308399616648E+09, 8.645985809830306E+08, -7.279119366148478E+08,
2459923.500000000, A.D. 2022-Dec-10 00:00:00.0000, -5.149998721711766E+09, 8.612872404125420E+08, -7.293886060206578E+08,
2459930.500000000, A.D. 2022-Dec-17 00:00:00.0000, -5.150687430691545E+09, 8.579756069314153E+08, -7.308650310100617E+08,
2459937.500000000, A.D. 2022-Dec-24 00:00:00.0000, -5.151374528322525E+09, 8.546636791010896E+08, -7.323412110298257E+08,
2459944.500000000, A.D. 2022-Dec-31 00:00:00.0000, -5.152060015737466E+09, 8.513514543995211E+08, -7.338171456530356E+08,
2459951.500000000, A.D. 2023-Jan-07 00:00:00.0000, -5.152743892260690E+09, 8.480389298187762E+08, -7.352928346400688E+08,
2459958.500000000, A.D. 2023-Jan-14 00:00:00.0000, -5.153426155606267E+09, 8.447261038720363E+08, -7.367682777591679E+08,
2459965.500000000, A.D. 2023-Jan-21 00:00:00.0000, -5.154106804093811E+09, 8.414129768373849E+08, -7.382434745666802E+08,
2459972.500000000, A.D. 2023-Jan-28 00:00:00.0000, -5.154785837213870E+09, 8.380995490428733E+08, -7.397184244993030E+08,
2459979.500000000, A.D. 2023-Feb-04 00:00:00.0000, -5.155463254751465E+09, 8.347858202206187E+08, -7.411931270116993E+08,
2459986.500000000, A.D. 2023-Feb-11 00:00:00.0000, -5.156139056262997E+09, 8.314717897363991E+08, -7.426675816105390E+08,
2459993.500000000, A.D. 2023-Feb-18 00:00:00.0000, -5.156813240969695E+09, 8.281574568716991E+08, -7.441417878463166E+08,
2460000.500000000, A.D. 2023-Feb-25 00:00:00.0000, -5.157485807804711E+09, 8.248428209965997E+08, -7.456157453001375E+08,
2460007.500000000, A.D. 2023-Mar-04 00:00:00.0000, -5.158156755511503E+09, 8.215278816525382E+08, -7.470894535731461E+08,
2460014.500000000, A.D. 2023-Mar-11 00:00:00.0000, -5.158826082764689E+09, 8.182126385456892E+08, -7.485629122809975E+08,
2460021.500000000, A.D. 2023-Mar-18 00:00:00.0000, -5.159493788266131E+09, 8.148970914017278E+08, -7.500361210615275E+08,
2460028.500000000, A.D. 2023-Mar-25 00:00:00.0000, -5.160159870612723E+09, 8.115812396350164E+08, -7.515090796179029E+08,
2460035.500000000, A.D. 2023-Apr-01 00:00:00.0000, -5.160824327511183E+09, 8.082650822258375E+08, -7.529817878038282E+08,
2460042.500000000, A.D. 2023-Apr-08 00:00:00.0000, -5.161487154955078E+09, 8.049486190308492E+08, -7.544542455940498E+08,
2460049.500000000, A.D. 2023-Apr-15 00:00:00.0000, -5.162148348700994E+09, 8.016318524207706E+08, -7.559264528160214E+08,
2460056.500000000, A.D. 2023-Apr-22 00:00:00.0000, -5.162807906234535E+09, 7.983147861934503E+08, -7.573984090579731E+08,
2460063.500000000, A.D. 2023-Apr-29 00:00:00.0000, -5.163465826491086E+09, 7.949974240152819E+08, -7.588701138201015E+08,
2460070.500000000, A.D. 2023-May-06 00:00:00.0000, -5.164122109091486E+09, 7.916797691722057E+08, -7.603415666018987E+08,
2460077.500000000, A.D. 2023-May-13 00:00:00.0000, -5.164776754069381E+09, 7.883618247368559E+08, -7.618127669091506E+08,
2460084.500000000, A.D. 2023-May-20 00:00:00.0000, -5.165429761856057E+09, 7.850435936608579E+08, -7.632837142423913E+08,
2460091.500000000, A.D. 2023-May-27 00:00:00.0000, -5.166081133329281E+09, 7.817250787629204E+08, -7.647544080871959E+08,
2460098.500000000, A.D. 2023-Jun-03 00:00:00.0000, -5.166730869868509E+09, 7.784062826387799E+08, -7.662248479097402E+08,
2460105.500000000, A.D. 2023-Jun-10 00:00:00.0000, -5.167378973392718E+09, 7.750872074793005E+08, -7.676950331612179E+08,
2460112.500000000, A.D. 2023-Jun-17 00:00:00.0000, -5.168025446291796E+09, 7.717678547366832E+08, -7.691649633044655E+08,
2460119.500000000, A.D. 2023-Jun-24 00:00:00.0000, -5.168670290931498E+09, 7.684482246944556E+08, -7.706346378878577E+08,
2460126.500000000, A.D. 2023-Jul-01 00:00:00.0000, -5.169313508478853E+09, 7.651283167693936E+08, -7.721040566222322E+08,
2460133.500000000, A.D. 2023-Jul-08 00:00:00.0000, -5.169955098721982E+09, 7.618081313674942E+08, -7.735732192402899E+08,
2460140.500000000, A.D. 2023-Jul-15 00:00:00.0000, -5.170595062161079E+09, 7.584876704642560E+08, -7.750421252527453E+08,
2460147.500000000, A.D. 2023-Jul-22 00:00:00.0000, -5.171233400849202E+09, 7.551669358749022E+08, -7.765107740088376E+08,
2460154.500000000, A.D. 2023-Jul-29 00:00:00.0000, -5.171870117495887E+09, 7.518459283595846E+08, -7.779791648489144E+08,
2460161.500000000, A.D. 2023-Aug-05 00:00:00.0000, -5.172505214790658E+09, 7.485246477580265E+08, -7.794472971537135E+08,
2460168.500000000, A.D. 2023-Aug-12 00:00:00.0000, -5.173138695174541E+09, 7.452030932521033E+08, -7.809151703430963E+08,
2460175.500000000, A.D. 2023-Aug-19 00:00:00.0000, -5.173770560785079E+09, 7.418812635347856E+08, -7.823827838675139E+08,
2460182.500000000, A.D. 2023-Aug-26 00:00:00.0000, -5.174400813455589E+09, 7.385591569001355E+08, -7.838501372019234E+08,
2460189.500000000, A.D. 2023-Sep-02 00:00:00.0000, -5.175029454737413E+09, 7.352367712619880E+08, -7.853172298443744E+08,
2460196.500000000, A.D. 2023-Sep-09 00:00:00.0000, -5.175656485908545E+09, 7.319141040600969E+08, -7.867840613259492E+08,
2460203.500000000, A.D. 2023-Sep-16 00:00:00.0000, -5.176281907800208E+09, 7.285911519957455E+08, -7.882506312521961E+08,
2460210.500000000, A.D. 2023-Sep-23 00:00:00.0000, -5.176905720024970E+09, 7.252679108835994E+08, -7.897169393907456E+08,
2460217.500000000, A.D. 2023-Sep-30 00:00:00.0000, -5.177527919945963E+09, 7.219443768105251E+08, -7.911829856765535E+08,
2460224.500000000, A.D. 2023-Oct-07 00:00:00.0000, -5.178148503740959E+09, 7.186205480585461E+08, -7.926487699631118E+08,
2460231.500000000, A.D. 2023-Oct-14 00:00:00.0000, -5.178767468521373E+09, 7.152964244787717E+08, -7.941142918856084E+08,
2460238.500000000, A.D. 2023-Oct-21 00:00:00.0000, -5.179384812277621E+09, 7.119720059190160E+08, -7.955795510009965E+08,
2460245.500000000, A.D. 2023-Oct-28 00:00:00.0000, -5.180000533075185E+09, 7.086472919652320E+08, -7.970445468894024E+08,
2460252.500000000, A.D. 2023-Nov-04 00:00:00.0000, -5.180614628751388E+09, 7.053222822263688E+08, -7.985092791649184E+08,
2460259.500000000, A.D. 2023-Nov-11 00:00:00.0000, -5.181227096935351E+09, 7.019969765627729E+08, -7.999737474608240E+08,
2460266.500000000, A.D. 2023-Nov-18 00:00:00.0000, -5.181837935171620E+09, 6.986713751938292E+08, -8.014379514143786E+08,
2460273.500000000, A.D. 2023-Nov-25 00:00:00.0000, -5.182447141074615E+09, 6.953454787073991E+08, -8.029018906557872E+08,
2460280.500000000, A.D. 2023-Dec-02 00:00:00.0000, -5.183054712485748E+09, 6.920192879598627E+08, -8.043655648046685E+08,
2460287.500000000, A.D. 2023-Dec-09 00:00:00.0000, -5.183660647555368E+09, 6.886928038078511E+08, -8.058289734858630E+08,
2460294.500000000, A.D. 2023-Dec-16 00:00:00.0000, -5.184264944461985E+09, 6.853660266842327E+08, -8.072921163898859E+08,
2460301.500000000, A.D. 2023-Dec-23 00:00:00.0000, -5.184867600420324E+09, 6.820389567058045E+08, -8.087549933538582E+08,
2460308.500000000, A.D. 2023-Dec-30 00:00:00.0000, -5.185468611318440E+09, 6.787115953619361E+08, -8.102176042543449E+08,
2460315.500000000, A.D. 2024-Jan-06 00:00:00.0000, -5.186067973756315E+09, 6.753839464234525E+08, -8.116799487426276E+08,
2460322.500000000, A.D. 2024-Jan-13 00:00:00.0000, -5.186665686313230E+09, 6.720560142648562E+08, -8.131420262613076E+08,
2460329.500000000, A.D. 2024-Jan-20 00:00:00.0000, -5.187261748820317E+09, 6.687278026844587E+08, -8.146038362026477E+08,
2460336.500000000, A.D. 2024-Jan-27 00:00:00.0000, -5.187856161667089E+09, 6.653993148746262E+08, -8.160653779695122E+08,
2460343.500000000, A.D. 2024-Feb-03 00:00:00.0000, -5.188448925570218E+09, 6.620705535935190E+08, -8.175266509773784E+08,
2460350.500000000, A.D. 2024-Feb-10 00:00:00.0000, -5.189040041527321E+09, 6.587415212472084E+08, -8.189876546468613E+08,
2460357.500000000, A.D. 2024-Feb-17 00:00:00.0000, -5.189629510816949E+09, 6.554122198900956E+08, -8.204483883990062E+08,
2460364.500000000, A.D. 2024-Feb-24 00:00:00.0000, -5.190217335008910E+09, 6.520826511584208E+08, -8.219088516555784E+08,
2460371.500000000, A.D. 2024-Mar-02 00:00:00.0000, -5.190803515955548E+09, 6.487528161043463E+08, -8.233690438498092E+08,
2460378.500000000, A.D. 2024-Mar-09 00:00:00.0000, -5.191388055625159E+09, 6.454227148677564E+08, -8.248289644655488E+08,
2460385.500000000, A.D. 2024-Mar-16 00:00:00.0000, -5.191970955382285E+09, 6.420923463830351E+08, -8.262886131250153E+08,
2460392.500000000, A.D. 2024-Mar-23 00:00:00.0000, -5.192552214818409E+09, 6.387617092298714E+08, -8.277479896250453E+08,
2460399.500000000, A.D. 2024-Mar-30 00:00:00.0000, -5.193131832374231E+09, 6.354308036012955E+08, -8.292070937184916E+08,
2460406.500000000, A.D. 2024-Apr-06 00:00:00.0000, -5.193709807497480E+09, 6.320996310213360E+08, -8.306659249394641E+08,
2460413.500000000, A.D. 2024-Apr-13 00:00:00.0000, -5.194286140785123E+09, 6.287681926487200E+08, -8.321244827297804E+08,
2460420.500000000, A.D. 2024-Apr-20 00:00:00.0000, -5.194860833062142E+09, 6.254364888432727E+08, -8.335827665605366E+08,
2460427.500000000, A.D. 2024-Apr-27 00:00:00.0000, -5.195433884913881E+09, 6.221045194336370E+08, -8.350407759554930E+08,
2460434.500000000, A.D. 2024-May-04 00:00:00.0000, -5.196005296584032E+09, 6.187722839830083E+08, -8.364985104817564E+08,
2460441.500000000, A.D. 2024-May-11 00:00:00.0000, -5.196575067999961E+09, 6.154397819512684E+08, -8.379559697378435E+08,
2460448.500000000, A.D. 2024-May-18 00:00:00.0000, -5.197143198843349E+09, 6.121070127754033E+08, -8.394131533447331E+08,
2460455.500000000, A.D. 2024-May-25 00:00:00.0000, -5.197709688641445E+09, 6.087739758614055E+08, -8.408700609425801E+08,
2460462.500000000, A.D. 2024-Jun-01 00:00:00.0000, -5.198274536819096E+09, 6.054406704305577E+08, -8.423266922030563E+08,
2460469.500000000, A.D. 2024-Jun-08 00:00:00.0000, -5.198837742465158E+09, 6.021070951974541E+08, -8.437830468815451E+08,
2460476.500000000, A.D. 2024-Jun-15 00:00:00.0000, -5.199399303413810E+09, 5.987732484251243E+08, -8.452391249010212E+08,
2460483.500000000, A.D. 2024-Jun-22 00:00:00.0000, -5.199959215645966E+09, 5.954391295326309E+08, -8.466949262791137E+08,
2460490.500000000, A.D. 2024-Jun-29 00:00:00.0000, -5.200517475132397E+09, 5.921047404345403E+08, -8.481504508522909E+08,
2460497.500000000, A.D. 2024-Jul-06 00:00:00.0000, -5.201074079473602E+09, 5.887700841412913E+08, -8.496056982414994E+08,
2460504.500000000, A.D. 2024-Jul-13 00:00:00.0000, -5.201629027387152E+09, 5.854351634446551E+08, -8.510606680070937E+08,
2460511.500000000, A.D. 2024-Jul-20 00:00:00.0000, -5.202182318028144E+09, 5.820999808370337E+08, -8.525153597169665E+08,
2460518.500000000, A.D. 2024-Jul-27 00:00:00.0000, -5.202733950798803E+09, 5.787645387051835E+08, -8.539697729461087E+08,
2460525.500000000, A.D. 2024-Aug-03 00:00:00.0000, -5.203283925374274E+09, 5.754288394235072E+08, -8.554239072633395E+08,
2460532.500000000, A.D. 2024-Aug-10 00:00:00.0000, -5.203832241778811E+09, 5.720928853426530E+08, -8.568777622209218E+08,
2460539.500000000, A.D. 2024-Aug-17 00:00:00.0000, -5.204378900465087E+09, 5.687566786954364E+08, -8.583313373498209E+08,
2460546.500000000, A.D. 2024-Aug-24 00:00:00.0000, -5.204923902368728E+09, 5.654202213981855E+08, -8.597846321652168E+08,
2460553.500000000, A.D. 2024-Aug-31 00:00:00.0000, -5.205467248822508E+09, 5.620835146864046E+08, -8.612376461981575E+08,
2460560.500000000, A.D. 2024-Sep-07 00:00:00.0000, -5.206008940964650E+09, 5.587465587114711E+08, -8.626903790768098E+08,
2460567.500000000, A.D. 2024-Sep-14 00:00:00.0000, -5.206548978556036E+09, 5.554093530945499E+08, -8.641428305839925E+08,
2460574.500000000, A.D. 2024-Sep-21 00:00:00.0000, -5.207087360235113E+09, 5.520718988505385E+08, -8.655950004714005E+08,
2460581.500000000, A.D. 2024-Sep-28 00:00:00.0000, -5.207624085698036E+09, 5.487341984545677E+08, -8.670468882497580E+08,
2460588.500000000, A.D. 2024-Oct-05 00:00:00.0000, -5.208159156134298E+09, 5.453962540528651E+08, -8.684984932914999E+08,
2460595.500000000, A.D. 2024-Oct-12 00:00:00.0000, -5.208692573278501E+09, 5.420580667982174E+08, -8.699498149694552E+08,
2460602.500000000, A.D. 2024-Oct-19 00:00:00.0000, -5.209224338829189E+09, 5.387196370393565E+08, -8.714008526931286E+08,
2460609.500000000, A.D. 2024-Oct-26 00:00:00.0000, -5.209754454267067E+09, 5.353809645630594E+08, -8.728516059051116E+08,
2460616.500000000, A.D. 2024-Nov-02 00:00:00.0000, -5.210282920815166E+09, 5.320420487408239E+08, -8.743020740733528E+08,
2460623.500000000, A.D. 2024-Nov-09 00:00:00.0000, -5.210809739444257E+09, 5.287028886010892E+08, -8.757522566864243E+08,
2460630.500000000, A.D. 2024-Nov-16 00:00:00.0000, -5.211334910897403E+09, 5.253634828275690E+08, -8.772021532540898E+08,
2460637.500000000, A.D. 2024-Nov-23 00:00:00.0000, -5.211858435686625E+09, 5.220238296340715E+08, -8.786517633214915E+08,
2460644.500000000, A.D. 2024-Nov-30 00:00:00.0000, -5.212380313853196E+09, 5.186839264734275E+08, -8.801010865194666E+08,
2460651.500000000, A.D. 2024-Dec-07 00:00:00.0000, -5.212900544072066E+09, 5.153437700013595E+08, -8.815501226549873E+08,
2460658.500000000, A.D. 2024-Dec-14 00:00:00.0000, -5.213419122788924E+09, 5.120033575194520E+08, -8.829988716784174E+08,
2460665.500000000, A.D. 2024-Dec-21 00:00:00.0000, -5.213936045708378E+09, 5.086626886565838E+08, -8.844473334161685E+08,
2460672.500000000, A.D. 2024-Dec-28 00:00:00.0000, -5.214451309660765E+09, 5.053217643215822E+08, -8.858955074920006E+08,
2460679.500000000, A.D. 2025-Jan-04 00:00:00.0000, -5.214964912250268E+09, 5.019805853033419E+08, -8.873433934807916E+08,
2460686.500000000, A.D. 2025-Jan-11 00:00:00.0000, -5.215476851105516E+09, 4.986391521782897E+08, -8.887909909918559E+08,
2460693.500000000, A.D. 2025-Jan-18 00:00:00.0000, -5.215987123649513E+09, 4.952974656064218E+08, -8.902382996725395E+08,
2460700.500000000, A.D. 2025-Jan-25 00:00:00.0000, -5.216495727145226E+09, 4.919555265413812E+08, -8.916853191929443E+08,
2460707.500000000, A.D. 2025-Feb-01 00:00:00.0000, -5.217002658827241E+09, 4.886133363244417E+08, -8.931320492313637E+08,
2460714.500000000, A.D. 2025-Feb-08 00:00:00.0000, -5.217507916060925E+09, 4.852708966820717E+08, -8.945784894639316E+08,
2460721.500000000, A.D. 2025-Feb-15 00:00:00.0000, -5.218011496500227E+09, 4.819282096070435E+08, -8.960246395625603E+08,
2460728.500000000, A.D. 2025-Feb-22 00:00:00.0000, -5.218513398144814E+09, 4.785852770591534E+08, -8.974704992153399E+08,
2460735.500000000, A.D. 2025-Mar-01 00:00:00.0000, -5.219013618961460E+09, 4.752421005510304E+08, -8.989160681947043E+08,
2460742.500000000, A.D. 2025-Mar-08 00:00:00.0000, -5.219512155836197E+09, 4.718986814794232E+08, -9.003613464244705E+08,
2460749.500000000, A.D. 2025-Mar-15 00:00:00.0000, -5.220009004596557E+09, 4.685550229606931E+08, -9.018063338243098E+08,
2460756.500000000, A.D. 2025-Mar-22 00:00:00.0000, -5.220504162241965E+09, 4.652111302533826E+08, -9.032510300658336E+08,
2460763.500000000, A.D. 2025-Mar-29 00:00:00.0000, -5.220997627804805E+09, 4.618670089260741E+08, -9.046954346374571E+08,
2460770.500000000, A.D. 2025-Apr-05 00:00:00.0000, -5.221489401516916E+09, 4.585226639089772E+08, -9.061395469916875E+08,
2460777.500000000, A.D. 2025-Apr-12 00:00:00.0000, -5.221979484207466E+09, 4.551780995334362E+08, -9.075833665899777E+08,
2460784.500000000, A.D. 2025-Apr-19 00:00:00.0000, -5.222467877119398E+09, 4.518333196782879E+08, -9.090268929002945E+08,
2460791.500000000, A.D. 2025-Apr-26 00:00:00.0000, -5.222954581872788E+09, 4.484883278203807E+08, -9.104701253891704E+08,
2460798.500000000, A.D. 2025-May-03 00:00:00.0000, -5.223439600461450E+09, 4.451431270088065E+08, -9.119130635173230E+08,
2460805.500000000, A.D. 2025-May-10 00:00:00.0000, -5.223922935254182E+09, 4.417977197718643E+08, -9.133557067409368E+08,
2460812.500000000, A.D. 2025-May-17 00:00:00.0000, -5.224404588963935E+09, 4.384521079160478E+08, -9.147980545254602E+08,
2460819.500000000, A.D. 2025-May-24 00:00:00.0000, -5.224884564410979E+09, 4.351062921628710E+08, -9.162401063924180E+08,
2460826.500000000, A.D. 2025-May-31 00:00:00.0000, -5.225362863662274E+09, 4.317602719347651E+08, -9.176818620121908E+08,
2460833.500000000, A.D. 2025-Jun-07 00:00:00.0000, -5.225839486948039E+09, 4.284140464950589E+08, -9.191233212075528E+08,
2460840.500000000, A.D. 2025-Jun-14 00:00:00.0000, -5.226314433719999E+09, 4.250676167753884E+08, -9.205644837055800E+08,
2460847.500000000, A.D. 2025-Jun-21 00:00:00.0000, -5.226787704634611E+09, 4.217209846193679E+08, -9.220053490168538E+08,
2460854.500000000, A.D. 2025-Jun-28 00:00:00.0000, -5.227259301333032E+09, 4.183741512073620E+08, -9.234459165846324E+08,
2460861.500000000, A.D. 2025-Jul-05 00:00:00.0000, -5.227729225534555E+09, 4.150271168190013E+08, -9.248861858885958E+08,
2460868.500000000, A.D. 2025-Jul-12 00:00:00.0000, -5.228197478634535E+09, 4.116798811282474E+08, -9.263261564596896E+08,
2460875.500000000, A.D. 2025-Jul-19 00:00:00.0000, -5.228664061617206E+09, 4.083324434560891E+08, -9.277658278703716E+08,
2460882.500000000, A.D. 2025-Jul-26 00:00:00.0000, -5.229128975073477E+09, 4.049848029244456E+08, -9.292051997240651E+08,
2460889.500000000, A.D. 2025-Aug-02 00:00:00.0000, -5.229592219258317E+09, 4.016369585330913E+08, -9.306442716479270E+08,
2460896.500000000, A.D. 2025-Aug-09 00:00:00.0000, -5.230053794164303E+09, 3.982889091451946E+08, -9.320830432921429E+08,
2460903.500000000, A.D. 2025-Aug-16 00:00:00.0000, -5.230513699534397E+09, 3.949406533185139E+08, -9.335215143477861E+08,
2460910.500000000, A.D. 2025-Aug-23 00:00:00.0000, -5.230971934521329E+09, 3.915921889990122E+08, -9.349596846085384E+08,
2460917.500000000, A.D. 2025-Aug-30 00:00:00.0000, -5.231428496664633E+09, 3.882435137911720E+08, -9.363975540478449E+08,
2460924.500000000, A.D. 2025-Sep-06 00:00:00.0000, -5.231883381603478E+09, 3.848946268054666E+08, -9.378351226994430E+08,
2460931.500000000, A.D. 2025-Sep-13 00:00:00.0000, -5.232336585196053E+09, 3.815455296002766E+08, -9.392723903906770E+08,
2460938.500000000, A.D. 2025-Sep-20 00:00:00.0000, -5.232788104772258E+09, 3.781962245739758E+08, -9.407093567629508E+08,
2460945.500000000, A.D. 2025-Sep-27 00:00:00.0000, -5.233237938461157E+09, 3.748467139189184E+08, -9.421460214219139E+08,
2460952.500000000, A.D. 2025-Oct-04 00:00:00.0000, -5.233686084609916E+09, 3.714969996767293E+08, -9.435823839881618E+08,
2460959.500000000, A.D. 2025-Oct-11 00:00:00.0000, -5.234132541667814E+09, 3.681470839520851E+08, -9.450184440911434E+08,
2460966.500000000, A.D. 2025-Oct-18 00:00:00.0000, -5.234577308251736E+09, 3.647969690108308E+08, -9.464542013546689E+08,
2460973.500000000, A.D. 2025-Oct-25 00:00:00.0000, -5.235020383253557E+09, 3.614466572737678E+08, -9.478896553859620E+08,
2460980.500000000, A.D. 2025-Nov-01 00:00:00.0000, -5.235461765950064E+09, 3.580961512220045E+08, -9.493248057707028E+08,
2460987.500000000, A.D. 2025-Nov-08 00:00:00.0000, -5.235901456080847E+09, 3.547454531829077E+08, -9.507596520799521E+08,
2460994.500000000, A.D. 2025-Nov-15 00:00:00.0000, -5.236339453746413E+09, 3.513945649385670E+08, -9.521941939075037E+08,
2461001.500000000, A.D. 2025-Nov-22 00:00:00.0000, -5.236775758723837E+09, 3.480434873773374E+08, -9.536284309568273E+08,
2461008.500000000, A.D. 2025-Nov-29 00:00:00.0000, -5.237210369353247E+09, 3.446922213238846E+08, -9.550623630710046E+08,
2461015.500000000, A.D. 2025-Dec-06 00:00:00.0000, -5.237643283272609E+09, 3.413407694121192E+08, -9.564959900080938E+08,
2461022.500000000, A.D. 2025-Dec-13 00:00:00.0000, -5.238074499567181E+09, 3.379891356310487E+08, -9.579293112772871E+08,
2461029.500000000, A.D. 2025-Dec-20 00:00:00.0000, -5.238504018840522E+09, 3.346373235670596E+08, -9.593623262727618E+08,
2461036.500000000, A.D. 2025-Dec-27 00:00:00.0000, -5.238931842280824E+09, 3.312853359343585E+08, -9.607950343950381E+08,
2461043.500000000, A.D. 2026-Jan-03 00:00:00.0000, -5.239357971181826E+09, 3.279331747785678E+08, -9.622274350763264E+08,
2461050.500000000, A.D. 2026-Jan-10 00:00:00.0000, -5.239782406808541E+09, 3.245808416752540E+08, -9.636595277753828E+08,
2461057.500000000, A.D. 2026-Jan-17 00:00:00.0000, -5.240205150375226E+09, 3.212283378326398E+08, -9.650913119706211E+08,
2461064.500000000, A.D. 2026-Jan-24 00:00:00.0000, -5.240626203057652E+09, 3.178756641220479E+08, -9.665227871566794E+08,
2461071.500000000, A.D. 2026-Jan-31 00:00:00.0000, -5.241045566016239E+09, 3.145228210296015E+08, -9.679539528470989E+08,
2461078.500000000, A.D. 2026-Feb-07 00:00:00.0000, -5.241463240368507E+09, 3.111698084727579E+08, -9.693848085933263E+08,
2461085.500000000, A.D. 2026-Feb-14 00:00:00.0000, -5.241879226857824E+09, 3.078166254672645E+08, -9.708153540443945E+08,
2461092.500000000, A.D. 2026-Feb-21 00:00:00.0000, -5.242293524830854E+09, 3.044632702223656E+08, -9.722455890355668E+08,
2461099.500000000, A.D. 2026-Feb-28 00:00:00.0000, -5.242706131608562E+09, 3.011097418183386E+08, -9.736755135120866E+08,
2461106.500000000, A.D. 2026-Mar-07 00:00:00.0000, -5.243117044309318E+09, 2.977560415167520E+08, -9.751051272584984E+08,
2461113.500000000, A.D. 2026-Mar-14 00:00:00.0000, -5.243526261348416E+09, 2.944021713708577E+08, -9.765344298786867E+08,
2461120.500000000, A.D. 2026-Mar-21 00:00:00.0000, -5.243933781831080E+09, 2.910481330341678E+08, -9.779634209532099E+08,
2461127.500000000, A.D. 2026-Mar-28 00:00:00.0000, -5.244339604848385E+09, 2.876939277959148E+08, -9.793921001054574E+08,
2461134.500000000, A.D. 2026-Apr-04 00:00:00.0000, -5.244743729279811E+09, 2.843395568777421E+08, -9.808204670000005E+08,
2461141.500000000, A.D. 2026-Apr-11 00:00:00.0000, -5.245146153828502E+09, 2.809850216316602E+08, -9.822485213275061E+08,
2461148.500000000, A.D. 2026-Apr-18 00:00:00.0000, -5.245546877129815E+09, 2.776303236325626E+08, -9.836762627911614E+08,
2461155.500000000, A.D. 2026-Apr-25 00:00:00.0000, -5.245945897887121E+09, 2.742754646799905E+08, -9.851036910974137E+08,
2461162.500000000, A.D. 2026-May-02 00:00:00.0000, -5.246343215003799E+09, 2.709204466795209E+08, -9.865308059560630E+08,
2461169.500000000, A.D. 2026-May-09 00:00:00.0000, -5.246738827586480E+09, 2.675652713375598E+08, -9.879576071063917E+08,
2461176.500000000, A.D. 2026-May-16 00:00:00.0000, -5.247132734441168E+09, 2.642099398079033E+08, -9.893840943925545E+08,
2461183.500000000, A.D. 2026-May-23 00:00:00.0000, -5.247524933010164E+09, 2.608544533124744E+08, -9.908102678093668E+08,
2461190.500000000, A.D. 2026-May-30 00:00:00.0000, -5.247915419828009E+09, 2.574988150558280E+08, -9.922361273017302E+08,
2461197.500000000, A.D. 2026-Jun-06 00:00:00.0000, -5.248304192813658E+09, 2.541430301598871E+08, -9.936616725561955E+08,
2461204.500000000, A.D. 2026-Jun-13 00:00:00.0000, -5.248691251732864E+09, 2.507871038178698E+08, -9.950869031047664E+08,
2461211.500000000, A.D. 2026-Jun-20 00:00:00.0000, -5.249076597331785E+09, 2.474310405935581E+08, -9.965118184560626E+08,
2461218.500000000, A.D. 2026-Jun-27 00:00:00.0000, -5.249460230840189E+09, 2.440748445260755E+08, -9.979364181260953E+08,
2461225.500000000, A.D. 2026-Jul-04 00:00:00.0000, -5.249842153844355E+09, 2.407185192653129E+08, -9.993607016322452E+08,
2461232.500000000, A.D. 2026-Jul-11 00:00:00.0000, -5.250222368275758E+09, 2.373620681061545E+08, -1.000784668484791E+09,
2461239.500000000, A.D. 2026-Jul-18 00:00:00.0000, -5.250600876422832E+09, 2.340054939472860E+08, -1.002208318182646E+09,
2461246.500000000, A.D. 2026-Jul-25 00:00:00.0000, -5.250977680941410E+09, 2.306487991773813E+08, -1.003631650215571E+09,
2461253.500000000, A.D. 2026-Aug-01 00:00:00.0000, -5.251352784815708E+09, 2.272919854406112E+08, -1.005054664081374E+09,
2461260.500000000, A.D. 2026-Aug-08 00:00:00.0000, -5.251726191055109E+09, 2.239350532456839E+08, -1.006477359340906E+09,
2461267.500000000, A.D. 2026-Aug-15 00:00:00.0000, -5.252097901711684E+09, 2.205780018689196E+08, -1.007899735712198E+09,
2461274.500000000, A.D. 2026-Aug-22 00:00:00.0000, -5.252467916979676E+09, 2.172208307728047E+08, -1.009321793034191E+09,
2461281.500000000, A.D. 2026-Aug-29 00:00:00.0000, -5.252836236666106E+09, 2.138635411674573E+08, -1.010743531002313E+09,
2461288.500000000, A.D. 2026-Sep-05 00:00:00.0000, -5.253202861899020E+09, 2.105061348470245E+08, -1.012164949105989E+09,
2461295.500000000, A.D. 2026-Sep-12 00:00:00.0000, -5.253567794618510E+09, 2.071486127968121E+08, -1.013586046789278E+09,
2461302.500000000, A.D. 2026-Sep-19 00:00:00.0000, -5.253931036724375E+09, 2.037909751153181E+08, -1.015006823536559E+09,
2461309.500000000, A.D. 2026-Sep-26 00:00:00.0000, -5.254292589739092E+09, 2.004332213182804E+08, -1.016427278880740E+09,
2461316.500000000, A.D. 2026-Oct-03 00:00:00.0000, -5.254652454737582E+09, 1.970753505740424E+08, -1.017847412393577E+09,
2461323.500000000, A.D. 2026-Oct-10 00:00:00.0000, -5.255010632363547E+09, 1.937173618462275E+08, -1.019267223676550E+09,
2461330.500000000, A.D. 2026-Oct-17 00:00:00.0000, -5.255367122880750E+09, 1.903592539628691E+08, -1.020686712355413E+09,
2461337.500000000, A.D. 2026-Oct-24 00:00:00.0000, -5.255721926234861E+09, 1.870010255894585E+08, -1.022105878082380E+09,
2461344.500000000, A.D. 2026-Oct-31 00:00:00.0000, -5.256075042027091E+09, 1.836426750392618E+08, -1.023524720560357E+09,
2461351.500000000, A.D. 2026-Nov-07 00:00:00.0000, -5.256426469060531E+09, 1.802841999950053E+08, -1.024943239614084E+09,
2461358.500000000, A.D. 2026-Nov-14 00:00:00.0000, -5.256776204258356E+09, 1.769255980293495E+08, -1.026361435253892E+09,
2461365.500000000, A.D. 2026-Nov-21 00:00:00.0000, -5.257124242765628E+09, 1.735668686060254E+08, -1.027779307509960E+09,
2461372.500000000, A.D. 2026-Nov-28 00:00:00.0000, -5.257470580232769E+09, 1.702080135535728E+08, -1.029196856191068E+09,
2461379.500000000, A.D. 2026-Dec-05 00:00:00.0000, -5.257815213661201E+09, 1.668490353553507E+08, -1.030614080953206E+09,
2461386.500000000, A.D. 2026-Dec-12 00:00:00.0000, -5.258158140646230E+09, 1.634899363668012E+08, -1.032030981438617E+09,
2461393.500000000, A.D. 2026-Dec-19 00:00:00.0000, -5.258499358904390E+09, 1.601307189663961E+08, -1.033447557311392E+09,
2461400.500000000, A.D. 2026-Dec-26 00:00:00.0000, -5.258838866227745E+09, 1.567713857721866E+08, -1.034863808247295E+09,
2461407.500000000, A.D. 2027-Jan-02 00:00:00.0000, -5.259176660589514E+09, 1.534119397329274E+08, -1.036279733918519E+09,
2461414.500000000, A.D. 2027-Jan-09 00:00:00.0000, -5.259512740284717E+09, 1.500523841137647E+08, -1.037695333982350E+09,
2461421.500000000, A.D. 2027-Jan-16 00:00:00.0000, -5.259847104071570E+09, 1.466927223850978E+08, -1.039110608076165E+09,
2461428.500000000, A.D. 2027-Jan-23 00:00:00.0000, -5.260179751268988E+09, 1.433329579747725E+08, -1.040525555826226E+09,
2461435.500000000, A.D. 2027-Jan-30 00:00:00.0000, -5.260510681624156E+09, 1.399730938356348E+08, -1.041940176891391E+09,
2461442.500000000, A.D. 2027-Feb-06 00:00:00.0000, -5.260839894526990E+09, 1.366131321683398E+08, -1.043354471053031E+09,
2461449.500000000, A.D. 2027-Feb-13 00:00:00.0000, -5.261167388033430E+09, 1.332530755189375E+08, -1.044768438209373E+09,
2461456.500000000, A.D. 2027-Feb-20 00:00:00.0000, -5.261493160062733E+09, 1.298929284601460E+08, -1.046182078122285E+09,
2461463.500000000, A.D. 2027-Feb-27 00:00:00.0000, -5.261817210373783E+09, 1.265326966426021E+08, -1.047595390307365E+09,
2461470.500000000, A.D. 2027-Mar-06 00:00:00.0000, -5.262139540302964E+09, 1.231723851386412E+08, -1.049008374187221E+09,
2461477.500000000, A.D. 2027-Mar-13 00:00:00.0000, -5.262460151864094E+09, 1.198119981280615E+08, -1.050421029193892E+09,
2461484.500000000, A.D. 2027-Mar-20 00:00:00.0000, -5.262779047340007E+09, 1.164515390912295E+08, -1.051833354785200E+09,
2461491.500000000, A.D. 2027-Mar-27 00:00:00.0000, -5.263096229163815E+09, 1.130910109605865E+08, -1.053245350438566E+09,
2461498.500000000, A.D. 2027-Apr-03 00:00:00.0000, -5.263411699886943E+09, 1.097304161828174E+08, -1.054657015644923E+09,
2461505.500000000, A.D. 2027-Apr-10 00:00:00.0000, -5.263725462172709E+09, 1.063697567147449E+08, -1.056068349906504E+09,
2461512.500000000, A.D. 2027-Apr-17 00:00:00.0000, -5.264037518793357E+09, 1.030090339386404E+08, -1.057479352741781E+09,
2461519.500000000, A.D. 2027-Apr-24 00:00:00.0000, -5.264347872551356E+09, 9.964824843478751E+07, -1.058890023709894E+09,
2461526.500000000, A.D. 2027-May-01 00:00:00.0000, -5.264656525825290E+09, 9.628739963911027E+07, -1.060300362479805E+09,
2461533.500000000, A.D. 2027-May-08 00:00:00.0000, -5.264963479432993E+09, 9.292648613426548E+07, -1.061710368911186E+09,
2461540.500000000, A.D. 2027-May-15 00:00:00.0000, -5.265268732308761E+09, 8.956550752762252E+07, -1.063120042931824E+09,
2461547.500000000, A.D. 2027-May-22 00:00:00.0000, -5.265572283558531E+09, 8.620446532453710E+07, -1.064529384279867E+09,
2461554.500000000, A.D. 2027-May-29 00:00:00.0000, -5.265874133537088E+09, 8.284336132865918E+07, -1.065938392538629E+09,
2461561.500000000, A.D. 2027-Jun-05 00:00:00.0000, -5.266174283062460E+09, 7.948219670102680E+07, -1.067347067289082E+09,
2461568.500000000, A.D. 2027-Jun-12 00:00:00.0000, -5.266472732775030E+09, 7.612097210973561E+07, -1.068755408160520E+09,
2461575.500000000, A.D. 2027-Jun-19 00:00:00.0000, -5.266769482972407E+09, 7.275968803517902E+07, -1.070163414825282E+09,
2461582.500000000, A.D. 2027-Jun-26 00:00:00.0000, -5.267064533640600E+09, 6.939834496954113E+07, -1.071571086984357E+09,
2461589.500000000, A.D. 2027-Jul-03 00:00:00.0000, -5.267357884549403E+09, 6.603694351883954E+07, -1.072978424355090E+09,
2461596.500000000, A.D. 2027-Jul-10 00:00:00.0000, -5.267649535375125E+09, 6.267548441624331E+07, -1.074385426663409E+09,
2461603.500000000, A.D. 2027-Jul-17 00:00:00.0000, -5.267939485814325E+09, 5.931396840780401E+07, -1.075792093646852E+09,
2461610.500000000, A.D. 2027-Jul-24 00:00:00.0000, -5.268227735532146E+09, 5.595239594779485E+07, -1.077198425087602E+09,
2461617.500000000, A.D. 2027-Jul-31 00:00:00.0000, -5.268514283533759E+09, 5.259076693917149E+07, -1.078604420893810E+09,
2461624.500000000, A.D. 2027-Aug-07 00:00:00.0000, -5.268799127159726E+09, 4.922908167088586E+07, -1.080010081116489E+09,
2461631.500000000, A.D. 2027-Aug-14 00:00:00.0000, -5.269082263006298E+09, 4.586734269873142E+07, -1.081415405711512E+09,
2461638.500000000, A.D. 2027-Aug-21 00:00:00.0000, -5.269363689152543E+09, 4.250555430555391E+07, -1.082820394378318E+09,
2461645.500000000, A.D. 2027-Aug-28 00:00:00.0000, -5.269643405263134E+09, 3.914372074402952E+07, -1.084225046691706E+09,
2461652.500000000, A.D. 2027-Sep-04 00:00:00.0000, -5.269921411748018E+09, 3.578184576432484E+07, -1.085629362214017E+09,
2461659.500000000, A.D. 2027-Sep-11 00:00:00.0000, -5.270197709374253E+09, 3.241993276533550E+07, -1.087033340513962E+09,
2461666.500000000, A.D. 2027-Sep-18 00:00:00.0000, -5.270472299196831E+09, 2.905798491942495E+07, -1.088436981157705E+09,
2461673.500000000, A.D. 2027-Sep-25 00:00:00.0000, -5.270745182579607E+09, 2.569600519327015E+07, -1.089840283699791E+09,
2461680.500000000, A.D. 2027-Oct-02 00:00:00.0000, -5.271016361231321E+09, 2.233399629270375E+07, -1.091243247678820E+09,
2461687.500000000, A.D. 2027-Oct-09 00:00:00.0000, -5.271285837234129E+09, 1.897196052745479E+07, -1.092645872620538E+09,
2461694.500000000, A.D. 2027-Oct-16 00:00:00.0000, -5.271553613001428E+09, 1.560989954132169E+07, -1.094048158058867E+09,
2461701.500000000, A.D. 2027-Oct-23 00:00:00.0000, -5.271819690904943E+09, 1.224781390248734E+07, -1.095450103599352E+09,
2461708.500000000, A.D. 2027-Oct-30 00:00:00.0000, -5.272084072196234E+09, 8.885703164647937E+06, -1.096851709009652E+09,
2461715.500000000, A.D. 2027-Nov-06 00:00:00.0000, -5.272346756385938E+09, 5.523567527383506E+06, -1.098252974138286E+09,
2461722.500000000, A.D. 2027-Nov-13 00:00:00.0000, -5.272607743066125E+09, 2.161409019786000E+06, -1.099653898649275E+09,
2461729.500000000, A.D. 2027-Nov-20 00:00:00.0000, -5.272867033273836E+09, -1.200769978363037E+06, -1.101054482017479E+09,
2461736.500000000, A.D. 2027-Nov-27 00:00:00.0000, -5.273124628778186E+09, -4.562967913276076E+06, -1.102454723690694E+09,
2461743.500000000, A.D. 2027-Dec-04 00:00:00.0000, -5.273380531314614E+09, -7.925184017702818E+06, -1.103854623158194E+09,
2461750.500000000, A.D. 2027-Dec-11 00:00:00.0000, -5.273634742316817E+09, -1.128741801921380E+07, -1.105254179953948E+09,
2461757.500000000, A.D. 2027-Dec-18 00:00:00.0000, -5.273887262871386E+09, -1.464966993523699E+07, -1.106653393647373E+09,
2461764.500000000, A.D. 2027-Dec-25 00:00:00.0000, -5.274138093743176E+09, -1.801193995689797E+07, -1.108052263835629E+09,
2461771.500000000, A.D. 2028-Jan-01 00:00:00.0000, -5.274387235429973E+09, -2.137422840697855E+07, -1.109450790139993E+09,
$$EOE