$$SOE
2459580.500000000, A.D. 2022-Jan-01 00:00:00.0000, 3.549357097902155E+09, 3.956656111777642E+09, -2.237800607439672E+09,
2459587.500000000, A.D. 2022-Jan-08 00:00:00.0000, 3.546928377777683E+09, 3.958740365133694E+09, -2.238657922788590E+09,
2459594.500000000, A.D. 2022-Jan-15 00:00:00.0000, 3.544498678899717E+09, 3.960823630783246E+09, -2.239514669223010E+09,
2459601.500000000, A.D. 2022-Jan-22 00:00:00.0000, 3.542068005923592E+09, 3.962905906840117E+09, -2.240370846978935E+09,
2459608.500000000, A.D. 2022-Jan-29 00:00:00.0000, 3.539636364083918E+09, 3.964987193895087E+09, -2.241226456185539E+09,
2459615.500000000, A.D. 2022-Feb-05 00:00:00.0000, 3.537203756987499E+09, 3.967067494344232E+09, -2.242081496717402E+09,
2459622.500000000, A.D. 2022-Feb-12 00:00:00.0000, 3.534770186579579E+09, 3.969146810648998E+09, -2.242935968331791E+09,
2459629.500000000, A.D. 2022-Feb-19 00:00:00.0000, 3.532335653958629E+09, 3.971225144897046E+09, -2.243789870775984E+09,
2459636.500000000, A.D. 2022-Feb-26 00:00:00.0000, 3.529900159728307E+09, 3.973302498940849E+09, -2.244643203803631E+09,
2459643.500000000, A.D. 2022-Mar-05 00:00:00.0000, 3.527463704045879E+09, 3.975378874497166E+09, -2.245495967165402E+09,
2459650.500000000, A.D. 2022-Mar-12 00:00:00.0000, 3.525026286588897E+09, 3.977454273141780E+09, -2.246348160599960E+09,
2459657.500000000, A.D. 2022-Mar-19 00:00:00.0000, 3.522587906511206E+09, 3.979528696227654E+09, -2.247199783829751E+09,
2459664.500000000, A.D. 2022-Mar-26 00:00:00.0000, 3.520148562410693E+09, 3.981602144720787E+09, -2.248050836564476E+09,
2459671.500000000, A.D. 2022-Apr-02 00:00:00.0000, 3.517708252376555E+09, 3.983674618898118E+09, -2.248901318523254E+09,
2459678.500000000, A.D. 2022-Apr-09 00:00:00.0000, 3.515266974388163E+09, 3.985746117912569E+09, -2.249751229500300E+09,
2459685.500000000, A.D. 2022-Apr-16 00:00:00.0000, 3.512824727422643E+09, 3.987816639879484E+09, -2.250600569453573E+09,
2459692.500000000, A.D. 2022-Apr-23 00:00:00.0000, 3.510381512002305E+09, 3.989886183568963E+09, -2.251449338411558E+09,
2459699.500000000, A.D. 2022-Apr-30 00:00:00.0000, 3.507937328311768E+09, 3.991954749458955E+09, -2.252297536210200E+09,
2459706.500000000, A.D. 2022-May-07 00:00:00.0000, 3.505492174947509E+09, 3.994022338175678E+09, -2.253145162502275E+09,
2459713.500000000, A.D. 2022-May-14 00:00:00.0000, 3.503046049689219E+09, 3.996088949359627E+09, -2.253992216918375E+09,
2459720.500000000, A.D. 2022-May-21 00:00:00.0000, 3.500598950261890E+09, 3.998154581716006E+09, -2.254838699131238E+09,
2459727.500000000, A.D. 2022-May-28 00:00:00.0000, 3.498150874609836E+09, 4.000219233290839E+09, -2.255684608857813E+09,
2459734.500000000, A.D. 2022-Jun-04 00:00:00.0000, 3.495701820959766E+09, 4.002282901660062E+09, -2.256529945850036E+09,
2459741.500000000, A.D. 2022-Jun-11 00:00:00.0000, 3.493251787817619E+09, 4.004345584033928E+09, -2.257374709887362E+09,
2459748.500000000, A.D. 2022-Jun-18 00:00:00.0000, 3.490800773937882E+09, 4.006407277290190E+09, -2.258218900773458E+09,
2459755.500000000, A.D. 2022-Jun-25 00:00:00.0000, 3.488348778294868E+09, 4.008467977903147E+09, -2.259062518342383E+09,
2459762.500000000, A.D. 2022-Jul-02 00:00:00.0000, 3.485895800190042E+09, 4.010527681703034E+09, -2.259905562491823E+09,
2459769.500000000, A.D. 2022-Jul-09 00:00:00.0000, 3.483441839885682E+09, 4.012586383642984E+09, -2.260748033264586E+09,
2459776.500000000, A.D. 2022-Jul-16 00:00:00.0000, 3.480986899709743E+09, 4.014644078656527E+09, -2.261589930884669E+09,
2459783.500000000, A.D. 2022-Jul-23 00:00:00.0000, 3.478530983433532E+09, 4.016700763683412E+09, -2.262431255539683E+09,
2459790.500000000, A.D. 2022-Jul-30 00:00:00.0000, 3.476074094006278E+09, 4.018756437509924E+09, -2.263272007191253E+09,
2459797.500000000, A.D. 2022-Aug-06 00:00:00.0000, 3.473616233245379E+09, 4.020811099071787E+09, -2.264112185690278E+09,
2459804.500000000, A.D. 2022-Aug-13 00:00:00.0000, 3.471157402659111E+09, 4.022864746974139E+09, -2.264951790896205E+09,
2459811.500000000, A.D. 2022-Aug-20 00:00:00.0000, 3.468697603832474E+09, 4.024917379725167E+09, -2.265790822697273E+09,
2459818.500000000, A.D. 2022-Aug-27 00:00:00.0000, 3.466236838444308E+09, 4.026968995956843E+09, -2.266629280997100E+09,
2459825.500000000, A.D. 2022-Sep-03 00:00:00.0000, 3.463775108163597E+09, 4.029019594522216E+09, -2.267467165699242E+09,
2459832.500000000, A.D. 2022-Sep-10 00:00:00.0000, 3.461312414515071E+09, 4.031069174493171E+09, -2.268304476695856E+09,
2459839.500000000, A.D. 2022-Sep-17 00:00:00.0000, 3.458848758743515E+09, 4.033117735056926E+09, -2.269141213863310E+09,
2459846.500000000, A.D. 2022-Sep-24 00:00:00.0000, 3.456384141737215E+09, 4.035165275260377E+09, -2.269977377074417E+09,
2459853.500000000, A.D. 2022-Oct-01 00:00:00.0000, 3.453918564250525E+09, 4.037211793580013E+09, -2.270812966251284E+09,
2459860.500000000, A.D. 2022-Oct-08 00:00:00.0000, 3.451452027832864E+09, 4.039257287839455E+09, -2.271647981453616E+09,
2459867.500000000, A.D. 2022-Oct-15 00:00:00.0000, 3.448984535532294E+09, 4.041301756673812E+09, -2.272482422819269E+09,
2459874.500000000, A.D. 2022-Oct-22 00:00:00.0000, 3.446516090192101E+09, 4.043345200856975E+09, -2.273316290294809E+09,
2459881.500000000, A.D. 2022-Oct-29 00:00:00.0000, 3.444046692838189E+09, 4.045387621898334E+09, -2.274149583597418E+09,
2459888.500000000, A.D. 2022-Nov-05 00:00:00.0000, 3.441576343256619E+09, 4.047429020650092E+09, -2.274982302376964E+09,
2459895.500000000, A.D. 2022-Nov-12 00:00:00.0000, 3.439105040796435E+09, 4.049469397192379E+09, -2.275814446294719E+09,
2459902.500000000, A.D. 2022-Nov-19 00:00:00.0000, 3.436632784678429E+09, 4.051508751042067E+09, -2.276646015030871E+09,
2459909.500000000, A.D. 2022-Nov-26 00:00:00.0000, 3.434159574072067E+09, 4.053547081287945E+09, -2.277477008277525E+09,
2459916.500000000, A.D. 2022-Dec-03 00:00:00.0000, 3.431685408106580E+09, 4.055584386640744E+09, -2.278307425733461E+09,
2459923.500000000, A.D. 2022-Dec-10 00:00:00.0000, 3.429210285861773E+09, 4.057620665416663E+09, -2.279137267103331E+09,
2459930.500000000, A.D. 2022-Dec-17 00:00:00.0000, 3.426734206363253E+09, 4.059655915429460E+09, -2.279966532105628E+09,
2459937.500000000, A.D. 2022-Dec-24 00:00:00.0000, 3.424257168691482E+09, 4.061690133725224E+09, -2.280795220504832E+09,
2459944.500000000, A.D. 2022-Dec-31 00:00:00.0000, 3.421779172562269E+09, 4.063723316267371E+09, -2.281623332191679E+09,
2459951.500000000, A.D. 2023-Jan-07 00:00:00.0000, 3.419300219501433E+09, 4.065755458534232E+09, -2.282450867244133E+09,
2459958.500000000, A.D. 2023-Jan-14 00:00:00.0000, 3.416820312646615E+09, 4.067786557526066E+09, -2.283277825747966E+09,
2459965.500000000, A.D. 2023-Jan-21 00:00:00.0000, 3.414339454531479E+09, 4.069816612008851E+09, -2.284104207576991E+09,
2459972.500000000, A.D. 2023-Jan-28 00:00:00.0000, 3.411857646520324E+09, 4.071845620799340E+09, -2.284930012485306E+09,
2459979.500000000, A.D. 2023-Feb-04 00:00:00.0000, 3.409374889684535E+09, 4.073873582119179E+09, -2.285755240244917E+09,
2459986.500000000, A.D. 2023-Feb-11 00:00:00.0000, 3.406891185325685E+09, 4.075900493824490E+09, -2.286579890679772E+09,
2459993.500000000, A.D. 2023-Feb-18 00:00:00.0000, 3.404406535082075E+09, 4.077926353687924E+09, -2.287403963657580E+09,
2460000.500000000, A.D. 2023-Feb-25 00:00:00.0000, 3.401920940881646E+09, 4.079951159571553E+09, -2.288227459076601E+09,
2460007.500000000, A.D. 2023-Mar-04 00:00:00.0000, 3.399434404843590E+09, 4.081974909509633E+09, -2.289050376855067E+09,
2460014.500000000, A.D. 2023-Mar-11 00:00:00.0000, 3.396946929157492E+09, 4.083997601701983E+09, -2.289872716925662E+09,
2460021.500000000, A.D. 2023-Mar-18 00:00:00.0000, 3.394458515987251E+09, 4.086019234368758E+09, -2.290694479243185E+09,
2460028.500000000, A.D. 2023-Mar-25 00:00:00.0000, 3.391969167603284E+09, 4.088039805419626E+09, -2.291515663827703E+09,
2460035.500000000, A.D. 2023-Apr-01 00:00:00.0000, 3.389478887167736E+09, 4.090059312331021E+09, -2.292336270849760E+09,
2460042.500000000, A.D. 2023-Apr-08 00:00:00.0000, 3.386987679557446E+09, 4.092077753456580E+09, -2.293156300600874E+09,
2460049.500000000, A.D. 2023-Apr-15 00:00:00.0000, 3.384495549887790E+09, 4.094095129664845E+09, -2.293975753225211E+09,
2460056.500000000, A.D. 2023-Apr-22 00:00:00.0000, 3.382002501546664E+09, 4.096111443252325E+09, -2.294794628627644E+09,
2460063.500000000, A.D. 2023-Apr-29 00:00:00.0000, 3.379508536473729E+09, 4.098126696384923E+09, -2.295612926624952E+09,
2460070.500000000, A.D. 2023-May-06 00:00:00.0000, 3.377013655924733E+09, 4.100140890848931E+09, -2.296430647033145E+09,
2460077.500000000, A.D. 2023-May-13 00:00:00.0000, 3.374517860744160E+09, 4.102154028218186E+09, -2.297247789674462E+09,
2460084.500000000, A.D. 2023-May-20 00:00:00.0000, 3.372021151380386E+09, 4.104166109946362E+09, -2.298064354365823E+09,
2460091.500000000, A.D. 2023-May-27 00:00:00.0000, 3.369523527836852E+09, 4.106177137355070E+09, -2.298880340909127E+09,
2460098.500000000, A.D. 2023-Jun-03 00:00:00.0000, 3.367024989616837E+09, 4.108187111543804E+09, -2.299695749086807E+09,
2460105.500000000, A.D. 2023-Jun-10 00:00:00.0000, 3.364525535685635E+09, 4.110196033208040E+09, -2.300510578666251E+09,
2460112.500000000, A.D. 2023-Jun-17 00:00:00.0000, 3.362025164539161E+09, 4.112203902305448E+09, -2.301324829426424E+09,
2460119.500000000, A.D. 2023-Jun-24 00:00:00.0000, 3.359523874698987E+09, 4.114210717625887E+09, -2.302138501231762E+09,
2460126.500000000, A.D. 2023-Jul-01 00:00:00.0000, 3.357021665886943E+09, 4.116216477093328E+09, -2.302951594109101E+09,
2460133.500000000, A.D. 2023-Jul-08 00:00:00.0000, 3.354518539205295E+09, 4.118221179621820E+09, -2.303764108107076E+09,
2460140.500000000, A.D. 2023-Jul-15 00:00:00.0000, 3.352014495045755E+09, 4.120224825695789E+09, -2.304576043052268E+09,
2460147.500000000, A.D. 2023-Jul-22 00:00:00.0000, 3.349509532248697E+09, 4.122227415640249E+09, -2.305387398609719E+09,
2460154.500000000, A.D. 2023-Jul-29 00:00:00.0000, 3.347003648999529E+09, 4.124228948726015E+09, -2.306198174435509E+09,
2460161.500000000, A.D. 2023-Aug-05 00:00:00.0000, 3.344496843505197E+09, 4.126229423304345E+09, -2.307008370226046E+09,
2460168.500000000, A.D. 2023-Aug-12 00:00:00.0000, 3.341989114222663E+09, 4.128228837069520E+09, -2.307817985716792E+09,
2460175.500000000, A.D. 2023-Aug-19 00:00:00.0000, 3.339480459913883E+09, 4.130227187227801E+09, -2.308627020673734E+09,
2460182.500000000, A.D. 2023-Aug-26 00:00:00.0000, 3.336970879646554E+09, 4.132224470587409E+09, -2.309435474887295E+09,
2460189.500000000, A.D. 2023-Sep-02 00:00:00.0000, 3.334460372771861E+09, 4.134220683577224E+09, -2.310243348170923E+09,
2460196.500000000, A.D. 2023-Sep-09 00:00:00.0000, 3.331948938915846E+09, 4.136215822152926E+09, -2.311050640371032E+09,
2460203.500000000, A.D. 2023-Sep-16 00:00:00.0000, 3.329436578152834E+09, 4.138209881532605E+09, -2.311857351408432E+09,
2460210.500000000, A.D. 2023-Sep-23 00:00:00.0000, 3.326923291777308E+09, 4.140202856048625E+09, -2.312663481365950E+09,
2460217.500000000, A.D. 2023-Sep-30 00:00:00.0000, 3.324409083334689E+09, 4.142194740306430E+09, -2.313469030493663E+09,
2460224.500000000, A.D. 2023-Oct-07 00:00:00.0000, 3.321893957557272E+09, 4.144185531107517E+09, -2.314273998960126E+09,
2460231.500000000, A.D. 2023-Oct-14 00:00:00.0000, 3.319377918245203E+09, 4.146175226823354E+09, -2.315078386715513E+09,
2460238.500000000, A.D. 2023-Oct-21 00:00:00.0000, 3.316860968321126E+09, 4.148163825823012E+09, -2.315882193631699E+09,
2460245.500000000, A.D. 2023-Oct-28 00:00:00.0000, 3.314343110634116E+09, 4.150151326214594E+09, -2.316685419603662E+09,
2460252.500000000, A.D. 2023-Nov-04 00:00:00.0000, 3.311824348262907E+09, 4.152137726130092E+09, -2.317488064560277E+09,
2460259.500000000, A.D. 2023-Nov-11 00:00:00.0000, 3.309304684495918E+09, 4.154123023953800E+09, -2.318290128449539E+09,
2460266.500000000, A.D. 2023-Nov-18 00:00:00.0000, 3.306784122707647E+09, 4.156107218429945E+09, -2.319091611223351E+09,
2460273.500000000, A.D. 2023-Nov-25 00:00:00.0000, 3.304262666204199E+09, 4.158090308672135E+09, -2.319892512826494E+09,
2460280.500000000, A.D. 2023-Dec-02 00:00:00.0000, 3.301740318066178E+09, 4.160072294063400E+09, -2.320692833193092E+09,
2460287.500000000, A.D. 2023-Dec-09 00:00:00.0000, 3.299217081066737E+09, 4.162053173987928E+09, -2.321492572262420E+09,
2460294.500000000, A.D. 2023-Dec-16 00:00:00.0000, 3.296692957952351E+09, 4.164032947407052E+09, -2.322291730039358E+09,
2460301.500000000, A.D. 2023-Dec-23 00:00:00.0000, 3.294167952434759E+09, 4.166011612966939E+09, -2.323090306675319E+09,
2460308.500000000, A.D. 2023-Dec-30 00:00:00.0000, 3.291642069553857E+09, 4.167989170687243E+09, -2.323888302361091E+09,
2460315.500000000, A.D. 2024-Jan-06 00:00:00.0000, 3.289115313639092E+09, 4.169965622869984E+09, -2.324685717062102E+09,
2460322.500000000, A.D. 2024-Jan-13 00:00:00.0000, 3.286587687042086E+09, 4.171940972421773E+09, -2.325482550535033E+09,
2460329.500000000, A.D. 2024-Jan-20 00:00:00.0000, 3.284059190864078E+09, 4.173915221673948E+09, -2.326278802486151E+09,
2460336.500000000, A.D. 2024-Jan-27 00:00:00.0000, 3.281529825649416E+09, 4.175888372352818E+09, -2.327074472632252E+09,
2460343.500000000, A.D. 2024-Feb-03 00:00:00.0000, 3.278999591616742E+09, 4.177860425751406E+09, -2.327869560702673E+09,
2460350.500000000, A.D. 2024-Feb-10 00:00:00.0000, 3.276468488705233E+09, 4.179831382811565E+09, -2.328664066431816E+09,
2460357.500000000, A.D. 2024-Feb-17 00:00:00.0000, 3.273936516574594E+09, 4.181801244124403E+09, -2.329457989554437E+09,
2460364.500000000, A.D. 2024-Feb-24 00:00:00.0000, 3.271403674594739E+09, 4.183770009863790E+09, -2.330251329805939E+09,
2460371.500000000, A.D. 2024-Mar-02 00:00:00.0000, 3.268869961854514E+09, 4.185737679620440E+09, -2.331044086933119E+09,
2460378.500000000, A.D. 2024-Mar-09 00:00:00.0000, 3.266335377328260E+09, 4.187704252073728E+09, -2.331836260733314E+09,
2460385.500000000, A.D. 2024-Mar-16 00:00:00.0000, 3.263799920595546E+09, 4.189669724698443E+09, -2.332627851142155E+09,
2460392.500000000, A.D. 2024-Mar-23 00:00:00.0000, 3.261263593010448E+09, 4.191634094615623E+09, -2.333418858269817E+09,
2460399.500000000, A.D. 2024-Mar-30 00:00:00.0000, 3.258726397079288E+09, 4.193597360560572E+09, -2.334209282182412E+09,
2460406.500000000, A.D. 2024-Apr-06 00:00:00.0000, 3.256188334302809E+09, 4.195559522600525E+09, -2.334999122727233E+09,
2460413.500000000, A.D. 2024-Apr-13 00:00:00.0000, 3.253649405033965E+09, 4.197520580438358E+09, -2.335788379659205E+09,
2460420.500000000, A.D. 2024-Apr-20 00:00:00.0000, 3.251109609399143E+09, 4.199480532978972E+09, -2.336577052762450E+09,
2460427.500000000, A.D. 2024-Apr-27 00:00:00.0000, 3.248568947765825E+09, 4.201439378597036E+09, -2.337365141873680E+09,
2460434.500000000, A.D. 2024-May-04 00:00:00.0000, 3.246027420844578E+09, 4.203397115402699E+09, -2.338152646872871E+09,
2460441.500000000, A.D. 2024-May-11 00:00:00.0000, 3.243485029663748E+09, 4.205353741403748E+09, -2.338939567671334E+09,
2460448.500000000, A.D. 2024-May-18 00:00:00.0000, 3.240941775498803E+09, 4.207309254586010E+09, -2.339725904202761E+09,
2460455.500000000, A.D. 2024-May-25 00:00:00.0000, 3.238397659781078E+09, 4.209263652905266E+09, -2.340511656419940E+09,
2460462.500000000, A.D. 2024-Jun-01 00:00:00.0000, 3.235852684045756E+09, 4.211216934133537E+09, -2.341296824307098E+09,
2460469.500000000, A.D. 2024-Jun-08 00:00:00.0000, 3.233306850165434E+09, 4.213169095537094E+09, -2.342081407932091E+09,
2460476.500000000, A.D. 2024-Jun-15 00:00:00.0000, 3.230760161268821E+09, 4.215120133931605E+09, -2.342865407530290E+09,
2460483.500000000, A.D. 2024-Jun-22 00:00:00.0000, 3.228212622339329E+09, 4.217070047289709E+09, -2.343648823431633E+09,
2460490.500000000, A.D. 2024-Jun-29 00:00:00.0000, 3.225664238371933E+09, 4.219018836080508E+09, -2.344431655784821E+09,
2460497.500000000, A.D. 2024-Jul-06 00:00:00.0000, 3.223115012733303E+09, 4.220966501869931E+09, -2.345213904522946E+09,
2460504.500000000, A.D. 2024-Jul-13 00:00:00.0000, 3.220564947674468E+09, 4.222913046006193E+09, -2.345995569518429E+09,
2460511.500000000, A.D. 2024-Jul-20 00:00:00.0000, 3.218014045010347E+09, 4.224858469539095E+09, -2.346776650651140E+09,
2460518.500000000, A.D. 2024-Jul-27 00:00:00.0000, 3.215462306310150E+09, 4.226802773413759E+09, -2.347557147807968E+09,
2460525.500000000, A.D. 2024-Aug-03 00:00:00.0000, 3.212909732871591E+09, 4.228745958563900E+09, -2.348337060869539E+09,
2460532.500000000, A.D. 2024-Aug-10 00:00:00.0000, 3.210356325644682E+09, 4.230688025900453E+09, -2.349116389699841E+09,
2460539.500000000, A.D. 2024-Aug-17 00:00:00.0000, 3.207802085152436E+09, 4.232628976217475E+09, -2.349895134141476E+09,
2460546.500000000, A.D. 2024-Aug-24 00:00:00.0000, 3.205247011436318E+09, 4.234568809993506E+09, -2.350673294021173E+09,
2460553.500000000, A.D. 2024-Aug-31 00:00:00.0000, 3.202691104142058E+09, 4.236507527027225E+09, -2.351450869181441E+09,
2460560.500000000, A.D. 2024-Sep-07 00:00:00.0000, 3.200134363111341E+09, 4.238445126034145E+09, -2.352227859561820E+09,
2460567.500000000, A.D. 2024-Sep-14 00:00:00.0000, 3.197576789564601E+09, 4.240381605200549E+09, -2.353004265256413E+09,
2460574.500000000, A.D. 2024-Sep-21 00:00:00.0000, 3.195018385846104E+09, 4.242316964107411E+09, -2.353780086328110E+09,
2460581.500000000, A.D. 2024-Sep-28 00:00:00.0000, 3.192459153243811E+09, 4.244251203796915E+09, -2.354555322598741E+09,
2460588.500000000, A.D. 2024-Oct-05 00:00:00.0000, 3.189899091553743E+09, 4.246184324983314E+09, -2.355329973751754E+09,
2460595.500000000, A.D. 2024-Oct-12 00:00:00.0000, 3.187338200028200E+09, 4.248116327388395E+09, -2.356104039470903E+09,
2460602.500000000, A.D. 2024-Oct-19 00:00:00.0000, 3.184776477956937E+09, 4.250047209930864E+09, -2.356877519476524E+09,
2460609.500000000, A.D. 2024-Oct-26 00:00:00.0000, 3.182213924848942E+09, 4.251976970968455E+09, -2.357650413521947E+09,
2460616.500000000, A.D. 2024-Nov-02 00:00:00.0000, 3.179650540472258E+09, 4.253905608444598E+09, -2.358422721385767E+09,
2460623.500000000, A.D. 2024-Nov-09 00:00:00.0000, 3.177086324848579E+09, 4.255833119960646E+09, -2.359194442867110E+09,
2460630.500000000, A.D. 2024-Nov-16 00:00:00.0000, 3.174521278228685E+09, 4.257759502774207E+09, -2.359965577786196E+09,
2460637.500000000, A.D. 2024-Nov-23 00:00:00.0000, 3.171955401095787E+09, 4.259684753673975E+09, -2.360736125998531E+09,
2460644.500000000, A.D. 2024-Nov-30 00:00:00.0000, 3.169388694405216E+09, 4.261608868688640E+09, -2.361506087445219E+09,
2460651.500000000, A.D. 2024-Dec-07 00:00:00.0000, 3.166821160480000E+09, 4.263531843050783E+09, -2.362275462243402E+09,
2460658.500000000, A.D. 2024-Dec-14 00:00:00.0000, 3.164252803873814E+09, 4.265453672639821E+09, -2.363044250653514E+09,
2460665.500000000, A.D. 2024-Dec-21 00:00:00.0000, 3.161683629882775E+09, 4.267374355663466E+09, -2.363812452811945E+09,
2460672.500000000, A.D. 2024-Dec-28 00:00:00.0000, 3.159113642678640E+09, 4.269293891610365E+09, -2.364580068652331E+09,
2460679.500000000, A.D. 2025-Jan-04 00:00:00.0000, 3.156542845660696E+09, 4.271212279850225E+09, -2.365347098059330E+09,
2460686.500000000, A.D. 2025-Jan-11 00:00:00.0000, 3.153971242205135E+09, 4.273129519541280E+09, -2.366113540951930E+09,
2460693.500000000, A.D. 2025-Jan-18 00:00:00.0000, 3.151398835895146E+09, 4.275045609926331E+09, -2.366879397287059E+09,
2460700.500000000, A.D. 2025-Jan-25 00:00:00.0000, 3.148825630475311E+09, 4.276960550542817E+09, -2.367644667044293E+09,
2460707.500000000, A.D. 2025-Feb-01 00:00:00.0000, 3.146251629719952E+09, 4.278874341316814E+09, -2.368409350211302E+09,
2460714.500000000, A.D. 2025-Feb-08 00:00:00.0000, 3.143676837273958E+09, 4.280786982560592E+09, -2.369173446773491E+09,
2460721.500000000, A.D. 2025-Feb-15 00:00:00.0000, 3.141101256494997E+09, 4.282698474853720E+09, -2.369936956711943E+09,
2460728.500000000, A.D. 2025-Feb-22 00:00:00.0000, 3.138524890396361E+09, 4.284608818743803E+09, -2.370699880023810E+09,
2460735.500000000, A.D. 2025-Mar-01 00:00:00.0000, 3.135947742025589E+09, 4.286518014332277E+09, -2.371462216790485E+09,
2460742.500000000, A.D. 2025-Mar-08 00:00:00.0000, 3.133369815512305E+09, 4.288426061605711E+09, -2.372223967244637E+09,
2460749.500000000, A.D. 2025-Mar-15 00:00:00.0000, 3.130791116045975E+09, 4.290332962271290E+09, -2.372985131614683E+09,
2460756.500000000, A.D. 2025-Mar-22 00:00:00.0000, 3.128211647645512E+09, 4.292238720179389E+09, -2.373745709880869E+09,
2460763.500000000, A.D. 2025-Mar-29 00:00:00.0000, 3.125631412298213E+09, 4.294143339491440E+09, -2.374505701840143E+09,
2460770.500000000, A.D. 2025-Apr-05 00:00:00.0000, 3.123050410793253E+09, 4.296046823731508E+09, -2.375265107253428E+09,
2460777.500000000, A.D. 2025-Apr-12 00:00:00.0000, 3.120468643323812E+09, 4.297949175825814E+09, -2.376023925890490E+09,
2460784.500000000, A.D. 2025-Apr-19 00:00:00.0000, 3.117886109670630E+09, 4.299850398249081E+09, -2.376782157527493E+09,
2460791.500000000, A.D. 2025-Apr-26 00:00:00.0000, 3.115302809238636E+09, 4.301750493075060E+09, -2.377539801939059E+09,
2460798.500000000, A.D. 2025-May-03 00:00:00.0000, 3.112718741060354E+09, 4.303649461950771E+09, -2.378296858893884E+09,
2460805.500000000, A.D. 2025-May-10 00:00:00.0000, 3.110133903794638E+09, 4.305547306003457E+09, -2.379053328156019E+09,
2460812.500000000, A.D. 2025-May-17 00:00:00.0000, 3.107548295757521E+09, 4.307444025639576E+09, -2.379809209498664E+09,
2460819.500000000, A.D. 2025-May-24 00:00:00.0000, 3.104961915159029E+09, 4.309339620181634E+09, -2.380564502750986E+09,
2460826.500000000, A.D. 2025-May-31 00:00:00.0000, 3.102374760963813E+09, 4.311234087654078E+09, -2.381319207890890E+09,
2460833.500000000, A.D. 2025-Jun-07 00:00:00.0000, 3.099786833974582E+09, 4.313127425923281E+09, -2.382073325048563E+09,
2460840.500000000, A.D. 2025-Jun-14 00:00:00.0000, 3.097198135773845E+09, 4.315019634524949E+09, -2.382826854258376E+09,
2460847.500000000, A.D. 2025-Jun-21 00:00:00.0000, 3.094608666740691E+09, 4.316910713907800E+09, -2.383579795338089E+09,
2460854.500000000, A.D. 2025-Jun-28 00:00:00.0000, 3.092018426270816E+09, 4.318800663858329E+09, -2.384332148038023E+09,
2460861.500000000, A.D. 2025-Jul-05 00:00:00.0000, 3.089427413683081E+09, 4.320689483263335E+09, -2.385083912144802E+09,
2460868.500000000, A.D. 2025-Jul-12 00:00:00.0000, 3.086835628621590E+09, 4.322577170404987E+09, -2.385835087496196E+09,
2460875.500000000, A.D. 2025-Jul-19 00:00:00.0000, 3.084243071142864E+09, 4.324463723213511E+09, -2.386585673971366E+09,
2460882.500000000, A.D. 2025-Jul-26 00:00:00.0000, 3.081649741698049E+09, 4.326349139421103E+09, -2.387335671480321E+09,
2460889.500000000, A.D. 2025-Aug-02 00:00:00.0000, 3.079055641075523E+09, 4.328233416638859E+09, -2.388085079956681E+09,
2460896.500000000, A.D. 2025-Aug-09 00:00:00.0000, 3.076460770327350E+09, 4.330116552342308E+09, -2.388833899356972E+09,
2460903.500000000, A.D. 2025-Aug-16 00:00:00.0000, 3.073865130756495E+09, 4.331998543702611E+09, -2.389582129678487E+09,
2460910.500000000, A.D. 2025-Aug-23 00:00:00.0000, 3.071268724257447E+09, 4.333879387280182E+09, -2.390329771021002E+09,
2460917.500000000, A.D. 2025-Aug-30 00:00:00.0000, 3.068671554339175E+09, 4.335759079294999E+09, -2.391076823663935E+09,
2460924.500000000, A.D. 2025-Sep-06 00:00:00.0000, 3.066073626412290E+09, 4.337637617474080E+09, -2.391823287946869E+09,
2460931.500000000, A.D. 2025-Sep-13 00:00:00.0000, 3.063474945669668E+09, 4.339515001993403E+09, -2.392569164002872E+09,
2460938.500000000, A.D. 2025-Sep-20 00:00:00.0000, 3.060875515833754E+09, 4.341391233869988E+09, -2.393314451778944E+09,
2460945.500000000, A.D. 2025-Sep-27 00:00:00.0000, 3.058275339829094E+09, 4.343266313915890E+09, -2.394059151186201E+09,
2460952.500000000, A.D. 2025-Oct-04 00:00:00.0000, 3.055674420363419E+09, 4.345140242793489E+09, -2.394803262150583E+09,
2460959.500000000, A.D. 2025-Oct-11 00:00:00.0000, 3.053072760043605E+09, 4.347013021229278E+09, -2.395546784606751E+09,
2460966.500000000, A.D. 2025-Oct-18 00:00:00.0000, 3.050470361310198E+09, 4.348884650111969E+09, -2.396289718483597E+09,
2460973.500000000, A.D. 2025-Oct-25 00:00:00.0000, 3.047867226330014E+09, 4.350755130486303E+09, -2.397032063693303E+09,
2460980.500000000, A.D. 2025-Nov-01 00:00:00.0000, 3.045263356886227E+09, 4.352624463458382E+09, -2.397773820126369E+09,
2460987.500000000, A.D. 2025-Nov-08 00:00:00.0000, 3.042658754300464E+09, 4.354492649981629E+09, -2.398514987658550E+09,
2460994.500000000, A.D. 2025-Nov-15 00:00:00.0000, 3.040053419534697E+09, 4.356359690465264E+09, -2.399255566188201E+09,
2461001.500000000, A.D. 2025-Nov-22 00:00:00.0000, 3.037447353875585E+09, 4.358225584425831E+09, -2.399995555723218E+09,
2461008.500000000, A.D. 2025-Nov-29 00:00:00.0000, 3.034840560047991E+09, 4.360090331317262E+09, -2.400734956410982E+09,
2461015.500000000, A.D. 2025-Dec-06 00:00:00.0000, 3.032233041480191E+09, 4.361953932403795E+09, -2.401473768313711E+09,
2461022.500000000, A.D. 2025-Dec-13 00:00:00.0000, 3.029624800154415E+09, 4.363816390305842E+09, -2.402211991244627E+09,
2461029.500000000, A.D. 2025-Dec-20 00:00:00.0000, 3.027015836535844E+09, 4.365677707242274E+09, -2.402949624901802E+09,
2461036.500000000, A.D. 2025-Dec-27 00:00:00.0000, 3.024406150506267E+09, 4.367537884560851E+09, -2.403686668989516E+09,
2461043.500000000, A.D. 2026-Jan-03 00:00:00.0000, 3.021795741843167E+09, 4.369396922941828E+09, -2.404423123243602E+09,
2461050.500000000, A.D. 2026-Jan-10 00:00:00.0000, 3.019184610353996E+09, 4.371254822596488E+09, -2.405158987426305E+09,
2461057.500000000, A.D. 2026-Jan-17 00:00:00.0000, 3.016572755898199E+09, 4.373111583369846E+09, -2.405894261319387E+09,
2461064.500000000, A.D. 2026-Jan-24 00:00:00.0000, 3.013960178374939E+09, 4.374967204771108E+09, -2.406628944720699E+09,
2461071.500000000, A.D. 2026-Jan-31 00:00:00.0000, 3.011346877699970E+09, 4.376821685925357E+09, -2.407363037446856E+09,
2461078.500000000, A.D. 2026-Feb-07 00:00:00.0000, 3.008732853833170E+09, 4.378675025390104E+09, -2.408096539352235E+09,
2461085.500000000, A.D. 2026-Feb-14 00:00:00.0000, 3.006118107109803E+09, 4.380527220822239E+09, -2.408829450388661E+09,
2461092.500000000, A.D. 2026-Feb-21 00:00:00.0000, 3.003502639263063E+09, 4.382378269073234E+09, -2.409561770694048E+09,
2461099.500000000, A.D. 2026-Feb-28 00:00:00.0000, 3.000886454053071E+09, 4.384228167866692E+09, -2.410293500516146E+09,
2461106.500000000, A.D. 2026-Mar-07 00:00:00.0000, 2.998269555443756E+09, 4.386076917108596E+09, -2.411024639941866E+09,
2461113.500000000, A.D. 2026-Mar-14 00:00:00.0000, 2.995651946103353E+09, 4.387924517497711E+09, -2.411755188877312E+09,
2461120.500000000, A.D. 2026-Mar-21 00:00:00.0000, 2.993033628011385E+09, 4.389770969334164E+09, -2.412485147205123E+09,
2461127.500000000, A.D. 2026-Mar-28 00:00:00.0000, 2.990414603162739E+09, 4.391616272554895E+09, -2.413214514850620E+09,
2461134.500000000, A.D. 2026-Apr-04 00:00:00.0000, 2.987794873765110E+09, 4.393460427030359E+09, -2.413943291780163E+09,
2461141.500000000, A.D. 2026-Apr-11 00:00:00.0000, 2.985174442203745E+09, 4.395303432762482E+09, -2.414671477986062E+09,
2461148.500000000, A.D. 2026-Apr-18 00:00:00.0000, 2.982553310932884E+09, 4.397145289977175E+09, -2.415399073473001E+09,
2461155.500000000, A.D. 2026-Apr-25 00:00:00.0000, 2.979931482339962E+09, 4.398985999126101E+09, -2.416126078248777E+09,
2461162.500000000, A.D. 2026-May-02 00:00:00.0000, 2.977308958613609E+09, 4.400825560768074E+09, -2.416852492324396E+09,
2461169.500000000, A.D. 2026-May-09 00:00:00.0000, 2.974685741740413E+09, 4.402663975263844E+09, -2.417578315740195E+09,
2461176.500000000, A.D. 2026-May-16 00:00:00.0000, 2.972061834008784E+09, 4.404501242422656E+09, -2.418303548641237E+09,
2461183.500000000, A.D. 2026-May-23 00:00:00.0000, 2.969437239072035E+09, 4.406337362123006E+09, -2.419028191323094E+09,
2461190.500000000, A.D. 2026-May-30 00:00:00.0000, 2.966811961492434E+09, 4.408172336227128E+09, -2.419752244031277E+09,
2461197.500000000, A.D. 2026-Jun-06 00:00:00.0000, 2.964186004449034E+09, 4.410006168515747E+09, -2.420475706752795E+09,
2461204.500000000, A.D. 2026-Jun-13 00:00:00.0000, 2.961559369275285E+09, 4.411838862842001E+09, -2.421198579319961E+09,
2461211.500000000, A.D. 2026-Jun-20 00:00:00.0000, 2.958932056325417E+09, 4.413670422430712E+09, -2.421920861541546E+09,
2461218.500000000, A.D. 2026-Jun-27 00:00:00.0000, 2.956304065471243E+09, 4.415500849983164E+09, -2.422642553233567E+09,
2461225.500000000, A.D. 2026-Jul-04 00:00:00.0000, 2.953675396229250E+09, 4.417330147812535E+09, -2.423363654213254E+09,
2461232.500000000, A.D. 2026-Jul-11 00:00:00.0000, 2.951046047771917E+09, 4.419158317878123E+09, -2.424084164290582E+09,
2461239.500000000, A.D. 2026-Jul-18 00:00:00.0000, 2.948416018915940E+09, 4.420985361744150E+09, -2.424804083264009E+09,
2461246.500000000, A.D. 2026-Jul-25 00:00:00.0000, 2.945785308111810E+09, 4.422811280465961E+09, -2.425523410922681E+09,
2461253.500000000, A.D. 2026-Aug-01 00:00:00.0000, 2.943153913482799E+09, 4.424636074355525E+09, -2.426242147063642E+09,
2461260.500000000, A.D. 2026-Aug-08 00:00:00.0000, 2.940521833128200E+09, 4.426459742590485E+09, -2.426960291546820E+09,
2461267.500000000, A.D. 2026-Aug-15 00:00:00.0000, 2.937889066105786E+09, 4.428282283117226E+09, -2.427677844389167E+09,
2461274.500000000, A.D. 2026-Aug-22 00:00:00.0000, 2.935255613332338E+09, 4.430103694069439E+09, -2.428394805728391E+09,
2461281.500000000, A.D. 2026-Aug-29 00:00:00.0000, 2.932621476113021E+09, 4.431923975329582E+09, -2.429111175558523E+09,
2461288.500000000, A.D. 2026-Sep-05 00:00:00.0000, 2.929986654433153E+09, 4.433743127365284E+09, -2.429826953667438E+09,
2461295.500000000, A.D. 2026-Sep-12 00:00:00.0000, 2.927351147467170E+09, 4.435561149836475E+09, -2.430542139797486E+09,
2461302.500000000, A.D. 2026-Sep-19 00:00:00.0000, 2.924714954430969E+09, 4.437378041517416E+09, -2.431256733731174E+09,
2461309.500000000, A.D. 2026-Sep-26 00:00:00.0000, 2.922078074918926E+09, 4.439193800600759E+09, -2.431970735299378E+09,
2461316.500000000, A.D. 2026-Oct-03 00:00:00.0000, 2.919440508974143E+09, 4.441008424932899E+09, -2.432684144371660E+09,
2461323.500000000, A.D. 2026-Oct-10 00:00:00.0000, 2.916802257072102E+09, 4.442821912156666E+09, -2.433396960847149E+09,
2461330.500000000, A.D. 2026-Oct-17 00:00:00.0000, 2.914163320069377E+09, 4.444634259780450E+09, -2.434109184649081E+09,
2461337.500000000, A.D. 2026-Oct-24 00:00:00.0000, 2.911523699141793E+09, 4.446445465151245E+09, -2.434820815726990E+09,
2461344.500000000, A.D. 2026-Oct-31 00:00:00.0000, 2.908883395810793E+09, 4.448255525264977E+09, -2.435531854080942E+09,
2461351.500000000, A.D. 2026-Nov-07 00:00:00.0000, 2.906242412397089E+09, 4.450064436488182E+09, -2.436242299832669E+09,
2461358.500000000, A.D. 2026-Nov-14 00:00:00.0000, 2.903600753102458E+09, 4.451872195078490E+09, -2.436952153289334E+09,
2461365.500000000, A.D. 2026-Nov-21 00:00:00.0000, 2.900958423907948E+09, 4.453678799185762E+09, -2.437661414777783E+09,
2461372.500000000, A.D. 2026-Nov-28 00:00:00.0000, 2.898315430290385E+09, 4.455484249325820E+09, -2.438370084403296E+09,
2461379.500000000, A.D. 2026-Dec-05 00:00:00.0000, 2.895671776376743E+09, 4.457288546670470E+09, -2.439078162118204E+09,
2461386.500000000, A.D. 2026-Dec-12 00:00:00.0000, 2.893027465701258E+09, 4.459091692264762E+09, -2.439785647860916E+09,
2461393.500000000, A.D. 2026-Dec-19 00:00:00.0000, 2.890382501678073E+09, 4.460893687177941E+09, -2.440492541591532E+09,
2461400.500000000, A.D. 2026-Dec-26 00:00:00.0000, 2.887736887646949E+09, 4.462694532719998E+09, -2.441198843281652E+09,
2461407.500000000, A.D. 2027-Jan-02 00:00:00.0000, 2.885090626767625E+09, 4.464494230532792E+09, -2.441904552899139E+09,
2461414.500000000, A.D. 2027-Jan-09 00:00:00.0000, 2.882443721879173E+09, 4.466292782575744E+09, -2.442609670396780E+09,
2461421.500000000, A.D. 2027-Jan-16 00:00:00.0000, 2.879796175358609E+09, 4.468090191014694E+09, -2.443314195707286E+09,
2461428.500000000, A.D. 2027-Jan-23 00:00:00.0000, 2.877147989023377E+09, 4.469886457974107E+09, -2.444018128752079E+09,
2461435.500000000, A.D. 2027-Jan-30 00:00:00.0000, 2.874499164263791E+09, 4.471681585104619E+09, -2.444721469485010E+09,
2461442.500000000, A.D. 2027-Feb-06 00:00:00.0000, 2.871849702828557E+09, 4.473475573305854E+09, -2.445424217982270E+09,
2461449.500000000, A.D. 2027-Feb-13 00:00:00.0000, 2.869199607801484E+09, 4.475268423824001E+09, -2.446126374436734E+09,
2461456.500000000, A.D. 2027-Feb-20 00:00:00.0000, 2.866548882404202E+09, 4.477060139933098E+09, -2.446827938904747E+09,
2461463.500000000, A.D. 2027-Feb-27 00:00:00.0000, 2.863897528019822E+09, 4.478850725986284E+09, -2.447528911196211E+09,
2461470.500000000, A.D. 2027-Mar-06 00:00:00.0000, 2.861245544455090E+09, 4.480640185759570E+09, -2.448229291027864E+09,
2461477.500000000, A.D. 2027-Mar-13 00:00:00.0000, 2.858592930840433E+09, 4.482428522137618E+09, -2.448929078125705E+09,
2461484.500000000, A.D. 2027-Mar-20 00:00:00.0000, 2.855939686038383E+09, 4.484215737306840E+09, -2.449628272241337E+09,
2461491.500000000, A.D. 2027-Mar-27 00:00:00.0000, 2.853285808762314E+09, 4.486001832906904E+09, -2.450326873145792E+09,
2461498.500000000, A.D. 2027-Apr-03 00:00:00.0000, 2.850631297608400E+09, 4.487786810092913E+09, -2.451024880623432E+09,
2461505.500000000, A.D. 2027-Apr-10 00:00:00.0000, 2.847976151062037E+09, 4.489570669531293E+09, -2.451722294469753E+09,
2461512.500000000, A.D. 2027-Apr-17 00:00:00.0000, 2.845320367500804E+09, 4.491353411315107E+09, -2.452419114496306E+09,
2461519.500000000, A.D. 2027-Apr-24 00:00:00.0000, 2.842663945273175E+09, 4.493135034736625E+09, -2.453115340555139E+09,
2461526.500000000, A.D. 2027-May-01 00:00:00.0000, 2.840006883152608E+09, 4.494915537944942E+09, -2.453810972607937E+09,
2461533.500000000, A.D. 2027-May-08 00:00:00.0000, 2.837349181474425E+09, 4.496694918237084E+09, -2.454506010806926E+09,
2461540.500000000, A.D. 2027-May-15 00:00:00.0000, 2.834690842458591E+09, 4.498473173935987E+09, -2.455200455372265E+09,
2461547.500000000, A.D. 2027-May-22 00:00:00.0000, 2.832031868154529E+09, 4.500250305263757E+09, -2.455894306334291E+09,
2461554.500000000, A.D. 2027-May-29 00:00:00.0000, 2.829372259363925E+09, 4.502026312742002E+09, -2.456587563568334E+09,
2461561.500000000, A.D. 2027-Jun-05 00:00:00.0000, 2.826712016426319E+09, 4.503801196250912E+09, -2.457280226947199E+09,
2461568.500000000, A.D. 2027-Jun-12 00:00:00.0000, 2.824051139859988E+09, 4.505574955178935E+09, -2.457972296391834E+09,
2461575.500000000, A.D. 2027-Jun-19 00:00:00.0000, 2.821389630527090E+09, 4.507347588728017E+09, -2.458663771866051E+09,
2461582.500000000, A.D. 2027-Jun-26 00:00:00.0000, 2.818727489602472E+09, 4.509119096113095E+09, -2.459354653362132E+09,
2461589.500000000, A.D. 2027-Jul-03 00:00:00.0000, 2.816064718478296E+09, 4.510889476664142E+09, -2.460044940888532E+09,
2461596.500000000, A.D. 2027-Jul-10 00:00:00.0000, 2.813401318641295E+09, 4.512658729839489E+09, -2.460734634462111E+09,
2461603.500000000, A.D. 2027-Jul-17 00:00:00.0000, 2.810737291559040E+09, 4.514426855111558E+09, -2.461423734111154E+09,
2461610.500000000, A.D. 2027-Jul-24 00:00:00.0000, 2.808072638731615E+09, 4.516193851662190E+09, -2.462112239908409E+09,
2461617.500000000, A.D. 2027-Jul-31 00:00:00.0000, 2.805407362320152E+09, 4.517959718123126E+09, -2.462800152052408E+09,
2461624.500000000, A.D. 2027-Aug-07 00:00:00.0000, 2.802741466151486E+09, 4.519724453513305E+09, -2.463487470884362E+09,
2461631.500000000, A.D. 2027-Aug-14 00:00:00.0000, 2.800074954797838E+09, 4.521488059119720E+09, -2.464174196650158E+09,
2461638.500000000, A.D. 2027-Aug-21 00:00:00.0000, 2.797407831349701E+09, 4.523250537957630E+09, -2.464860329339064E+09,
2461645.500000000, A.D. 2027-Aug-28 00:00:00.0000, 2.794740097313038E+09, 4.525011893013334E+09, -2.465545868815520E+09,
2461652.500000000, A.D. 2027-Sep-04 00:00:00.0000, 2.792071753449617E+09, 4.526772126771835E+09, -2.466230814931321E+09,
2461659.500000000, A.D. 2027-Sep-11 00:00:00.0000, 2.789402800165174E+09, 4.528531241368080E+09, -2.466915167544448E+09,
2461666.500000000, A.D. 2027-Sep-18 00:00:00.0000, 2.786733237578590E+09, 4.530289238711699E+09, -2.467598926510146E+09,
2461673.500000000, A.D. 2027-Sep-25 00:00:00.0000, 2.784063065500945E+09, 4.532046120507852E+09, -2.468282091671854E+09,
2461680.500000000, A.D. 2027-Oct-02 00:00:00.0000, 2.781392283399516E+09, 4.533801888202072E+09, -2.468964662856877E+09,
2461687.500000000, A.D. 2027-Oct-09 00:00:00.0000, 2.778720890369227E+09, 4.535556542845007E+09, -2.469646639879479E+09,
2461694.500000000, A.D. 2027-Oct-16 00:00:00.0000, 2.776048885174834E+09, 4.537310084822594E+09, -2.470328022561912E+09,
2461701.500000000, A.D. 2027-Oct-23 00:00:00.0000, 2.773376266623829E+09, 4.539062513446370E+09, -2.471008810797858E+09,
2461708.500000000, A.D. 2027-Oct-30 00:00:00.0000, 2.770703034644934E+09, 4.540813827014616E+09, -2.471689004642928E+09,
2461715.500000000, A.D. 2027-Nov-06 00:00:00.0000, 2.768029190908852E+09, 4.542564024472713E+09, -2.472368604233406E+09,
2461722.500000000, A.D. 2027-Nov-13 00:00:00.0000, 2.765354737005914E+09, 4.544313106596775E+09, -2.473047609520883E+09,
2461729.500000000, A.D. 2027-Nov-20 00:00:00.0000, 2.762679673082547E+09, 4.546061074514829E+09, -2.473726020267602E+09,
2461736.500000000, A.D. 2027-Nov-27 00:00:00.0000, 2.760003998554150E+09, 4.547807928530141E+09, -2.474403836208550E+09,
2461743.500000000, A.D. 2027-Dec-04 00:00:00.0000, 2.757327712870856E+09, 4.549553668160658E+09, -2.475081057120004E+09,
2461750.500000000, A.D. 2027-Dec-11 00:00:00.0000, 2.754650815785597E+09, 4.551298292430735E+09, -2.475757682822742E+09,
2461757.500000000, A.D. 2027-Dec-18 00:00:00.0000, 2.751973307399457E+09, 4.553041800076100E+09, -2.476433713172797E+09,
2461764.500000000, A.D. 2027-Dec-25 00:00:00.0000, 2.749295188136310E+09, 4.554784189660007E+09, -2.477109148053757E+09,
2461771.500000000, A.D. 2028-Jan-01 00:00:00.0000, 2.746616458688139E+09, 4.556525459615286E+09, -2.477783987373129E+09,
$$EOE