$$SOE
2459580.500000000, A.D. 2022-Jan-01 00:00:00.0000, 4.809425167158140E+07, -3.545164665420336E+08, -2.943218512712912E+07,
2459587.500000000, A.D. 2022-Jan-08 00:00:00.0000, 5.931989353620043E+07, -3.536690073264578E+08, -2.909309498259594E+07,
2459594.500000000, A.D. 2022-Jan-15 00:00:00.0000, 7.048375949072978E+07, -3.524529102329614E+08, -2.872367816716442E+07,
2459601.500000000, A.D. 2022-Jan-22 00:00:00.0000, 8.157470145689014E+07, -3.508718509570795E+08, -2.832451636010033E+07,
2459608.500000000, A.D. 2022-Jan-29 00:00:00.0000, 9.258177680689859E+07, -3.489297635022030E+08, -2.789620878041498E+07,
2459615.500000000, A.D. 2022-Feb-05 00:00:00.0000, 1.034942467115826E+08, -3.466308313023125E+08, -2.743937120261788E+07,
2459622.500000000, A.D. 2022-Feb-12 00:00:00.0000, 1.143015763648021E+08, -3.439794798894646E+08, -2.695463530578108E+07,
2459629.500000000, A.D. 2022-Feb-19 00:00:00.0000, 1.249934357989136E+08, -3.409803687324132E+08, -2.644264803964990E+07,
2459636.500000000, A.D. 2022-Feb-26 00:00:00.0000, 1.355597000163397E+08, -3.376383829626238E+08, -2.590407094527483E+07,
2459643.500000000, A.D. 2022-Mar-05 00:00:00.0000, 1.459904486308394E+08, -3.339586255957488E+08, -2.533957949381460E+07,
2459650.500000000, A.D. 2022-Mar-12 00:00:00.0000, 1.562759652726289E+08, -3.299464103043070E+08, -2.474986246783419E+07,
2459657.500000000, A.D. 2022-Mar-19 00:00:00.0000, 1.664067368584311E+08, -3.256072547023042E+08, -2.413562138789368E+07,
2459664.500000000, A.D. 2022-Mar-26 00:00:00.0000, 1.763734527769182E+08, -3.209468741346208E+08, -2.349756998552243E+07,
2459671.500000000, A.D. 2022-Apr-02 00:00:00.0000, 1.861670040850093E+08, -3.159711760125458E+08, -2.283643373200166E+07,
2459678.500000000, A.D. 2022-Apr-09 00:00:00.0000, 1.957784830151215E+08, -3.106862546774063E+08, -2.215294944621360E+07,
2459685.500000000, A.D. 2022-Apr-16 00:00:00.0000, 2.051991831771975E+08, -3.050983861276326E+08, -2.144786495945910E+07,
2459692.500000000, A.D. 2022-Apr-23 00:00:00.0000, 2.144205992098904E+08, -2.992140215150024E+08, -2.072193863062593E+07,
2459699.500000000, A.D. 2022-Apr-30 00:00:00.0000, 2.234344240301788E+08, -2.930397816425356E+08, -1.997593872184539E+07,
2459706.500000000, A.D. 2022-May-07 00:00:00.0000, 2.322325467617255E+08, -2.865824544218601E+08, -1.921064307494578E+07,
2459713.500000000, A.D. 2022-May-14 00:00:00.0000, 2.408070527482008E+08, -2.798489922366071E+08, -1.842683896586810E+07,
2459720.500000000, A.D. 2022-May-21 00:00:00.0000, 2.491502236349668E+08, -2.728465084369062E+08, -1.762532288662547E+07,
2459727.500000000, A.D. 2022-May-28 00:00:00.0000, 2.572545370543832E+08, -2.655822739039252E+08, -1.680690028733458E+07,
2459734.500000000, A.D. 2022-Jun-04 00:00:00.0000, 2.651126662094222E+08, -2.580637139766098E+08, -1.597238532790366E+07,
2459741.500000000, A.D. 2022-Jun-11 00:00:00.0000, 2.727174795214605E+08, -2.502984057216858E+08, -1.512260065142144E+07,
2459748.500000000, A.D. 2022-Jun-18 00:00:00.0000, 2.800620404016651E+08, -2.422940755220915E+08, -1.425837718054906E+07,
2459755.500000000, A.D. 2022-Jun-25 00:00:00.0000, 2.871396071915508E+08, -2.340585970072271E+08, -1.338055394077955E+07,
2459762.500000000, A.D. 2022-Jul-02 00:00:00.0000, 2.939436334183385E+08, -2.255999893780119E+08, -1.248997792641763E+07,
2459769.500000000, A.D. 2022-Jul-09 00:00:00.0000, 3.004677687668226E+08, -2.169264159333719E+08, -1.158750402865370E+07,
2459776.500000000, A.D. 2022-Jul-16 00:00:00.0000, 3.067058607267184E+08, -2.080461816997671E+08, -1.067399493005577E+07,
2459783.500000000, A.D. 2022-Jul-23 00:00:00.0000, 3.126519547303304E+08, -1.989677300730391E+08, -9.750320755346447E+06,
2459790.500000000, A.D. 2022-Jul-30 00:00:00.0000, 3.183002928733838E+08, -1.896996418111855E+08, -8.817358758354560E+06,
2459797.500000000, A.D. 2022-Aug-06 00:00:00.0000, 3.236453148260250E+08, -1.802506357110364E+08, -7.875993320435867E+06,
2459804.500000000, A.D. 2022-Aug-13 00:00:00.0000, 3.286816601216480E+08, -1.706295681967612E+08, -6.927115957726106E+06,
2459811.500000000, A.D. 2022-Aug-20 00:00:00.0000, 3.334041702645953E+08, -1.608454323076874E+08, -5.971625232248612E+06,
2459818.500000000, A.D. 2022-Aug-27 00:00:00.0000, 3.378078907331285E+08, -1.509073567953250E+08, -5.010426630310297E+06,
2459825.500000000, A.D. 2022-Sep-03 00:00:00.0000, 3.418880731325539E+08, -1.408246054216845E+08, -4.044432437817477E+06,
2459832.500000000, A.D. 2022-Sep-10 00:00:00.0000, 3.456401775956281E+08, -1.306065764146984E+08, -3.074561616786093E+06,
2459839.500000000, A.D. 2022-Sep-17 00:00:00.0000, 3.490598754679093E+08, -1.202628020611310E+08, -2.101739684021235E+06,
2459846.500000000, A.D. 2022-Sep-24 00:00:00.0000, 3.521430523478485E+08, -1.098029484666861E+08, -1.126898600014359E+06,
2459853.500000000, A.D. 2022-Oct-01 00:00:00.0000, 3.548858117301207E+08, -9.923681548459421E+07, -1.509766905188635E+05,
2459860.500000000, A.D. 2022-Oct-08 00:00:00.0000, 3.572844796674414E+08, -8.857433626770462E+07, 8.250814059072398E+05,
2459867.500000000, A.D. 2022-Oct-15 00:00:00.0000, 3.593356095310986E+08, -7.782557522192085E+07, 1.800324949953794E+06,
2459874.500000000, A.D. 2022-Oct-22 00:00:00.0000, 3.610359847016766E+08, -6.700072602652017E+07, 2.773797538061332E+06,
2459881.500000000, A.D. 2022-Oct-29 00:00:00.0000, 3.623826216925703E+08, -5.611011229569797E+07, 3.744537324048784E+06,
2459888.500000000, A.D. 2022-Nov-05 00:00:00.0000, 3.633727758068339E+08, -4.516418811510195E+07, 4.711577059012912E+06,
2459895.500000000, A.D. 2022-Nov-12 00:00:00.0000, 3.640039473666455E+08, -3.417353715923044E+07, 5.673944235421351E+06,
2459902.500000000, A.D. 2022-Nov-19 00:00:00.0000, 3.642738878006798E+08, -2.314887131692184E+07, 6.630661325682982E+06,
2459909.500000000, A.D. 2022-Nov-26 00:00:00.0000, 3.641806058550429E+08, -1.210102919438544E+07, 7.580746060954511E+06,
2459916.500000000, A.D. 2022-Dec-03 00:00:00.0000, 3.637223740961539E+08, -1.040974478035922E+06, 8.523211736358656E+06,
2459923.500000000, A.D. 2022-Dec-10 00:00:00.0000, 3.628977357526425E+08, 1.002020589221751E+07, 9.457067542433079E+06,
2459930.500000000, A.D. 2022-Dec-17 00:00:00.0000, 3.617055119219448E+08, 2.107130374617117E+07, 1.038131892112943E+07,
2459937.500000000, A.D. 2022-Dec-24 00:00:00.0000, 3.601448092512682E+08, 3.210099186979564E+07, 1.129496793369170E+07,
2459944.500000000, A.D. 2022-Dec-31 00:00:00.0000, 3.582150284480230E+08, 4.309782649504870E+07, 1.219701361892937E+07,
2459951.500000000, A.D. 2023-Jan-07 00:00:00.0000, 3.559158737345302E+08, 5.405025109081879E+07, 1.308645241162410E+07,
2459958.500000000, A.D. 2023-Jan-14 00:00:00.0000, 3.532473612745905E+08, 6.494660199314483E+07, 1.396227884565519E+07,
2459965.500000000, A.D. 2023-Jan-21 00:00:00.0000, 3.502098259284692E+08, 7.577511274029231E+07, 1.482348634600559E+07,
2459972.500000000, A.D. 2023-Jan-28 00:00:00.0000, 3.468039299962462E+08, 8.652391695011534E+07, 1.566906776011583E+07,
2459979.500000000, A.D. 2023-Feb-04 00:00:00.0000, 3.430306737229441E+08, 9.718105280335146E+07, 1.649801589747679E+07,
2459986.500000000, A.D. 2023-Feb-11 00:00:00.0000, 3.388914057488580E+08, 1.077344689778450E+08, 1.730932422859810E+07,
2459993.500000000, A.D. 2023-Feb-18 00:00:00.0000, 3.343878334159107E+08, 1.181720312522507E+08, 1.810198768384953E+07,
2460000.500000000, A.D. 2023-Feb-25 00:00:00.0000, 3.295220331645750E+08, 1.284815296647801E+08, 1.887500351726995E+07,
2460007.500000000, A.D. 2023-Mar-04 00:00:00.0000, 3.242964610973182E+08, 1.386506862971579E+08, 1.962737223121081E+07,
2460014.500000000, A.D. 2023-Mar-11 00:00:00.0000, 3.187139637127696E+08, 1.486671637350093E+08, 2.035809856399455E+07,
2460021.500000000, A.D. 2023-Mar-18 00:00:00.0000, 3.127777888304927E+08, 1.585185742027325E+08, 2.106619253707478E+07,
2460028.500000000, A.D. 2023-Mar-25 00:00:00.0000, 3.064915968761891E+08, 1.681924893708267E+08, 2.175067054344133E+07,
2460035.500000000, A.D. 2023-Apr-01 00:00:00.0000, 2.998594729104992E+08, 1.776764512718567E+08, 2.241055647365011E+07,
2460042.500000000, A.D. 2023-Apr-08 00:00:00.0000, 2.928859387316784E+08, 1.869579855907088E+08, 2.304488303783534E+07,
2460049.500000000, A.D. 2023-Apr-15 00:00:00.0000, 2.855759626525733E+08, 1.960246162712613E+08, 2.365269341046993E+07,
2460056.500000000, A.D. 2023-Apr-22 00:00:00.0000, 2.779349687058193E+08, 2.048638784387760E+08, 2.423304278661402E+07,
2460063.500000000, A.D. 2023-Apr-29 00:00:00.0000, 2.699688479488814E+08, 2.134633319313554E+08, 2.478499978473474E+07,
2460070.500000000, A.D. 2023-May-06 00:00:00.0000, 2.616839700310232E+08, 2.218105772604875E+08, 2.530764800420602E+07,
2460077.500000000, A.D. 2023-May-13 00:00:00.0000, 2.530871939634567E+08, 2.298932731468039E+08, 2.580008775554284E+07,
2460084.500000000, A.D. 2023-May-20 00:00:00.0000, 2.441858782402287E+08, 2.376991551762353E+08, 2.626143790284029E+07,
2460091.500000000, A.D. 2023-May-27 00:00:00.0000, 2.349878904099902E+08, 2.452160555786337E+08, 2.669083779865918E+07,
2460098.500000000, A.D. 2023-Jun-03 00:00:00.0000, 2.255016160556949E+08, 2.524319241810324E+08, 2.708744930788869E+07,
2460105.500000000, A.D. 2023-Jun-10 00:00:00.0000, 2.157359670982698E+08, 2.593348505419496E+08, 2.745045891625206E+07,
2460112.500000000, A.D. 2023-Jun-17 00:00:00.0000, 2.057003893985305E+08, 2.659130872202207E+08, 2.777907990865535E+07,
2460119.500000000, A.D. 2023-Jun-24 00:00:00.0000, 1.954048698565668E+08, 2.721550742408457E+08, 2.807255459024175E+07,
2460126.500000000, A.D. 2023-Jul-01 00:00:00.0000, 1.848599431373411E+08, 2.780494655835775E+08, 2.833015659124900E+07,
2460133.500000000, A.D. 2023-Jul-08 00:00:00.0000, 1.740766962157872E+08, 2.835851584959848E+08, 2.855119347056691E+07,
2460140.500000000, A.D. 2023-Jul-15 00:00:00.0000, 1.630667693165236E+08, 2.887513227715708E+08, 2.873500949770446E+07,
2460147.500000000, A.D. 2023-Jul-22 00:00:00.0000, 1.518423566269957E+08, 2.935374289311518E+08, 2.888098820092145E+07,
2460154.500000000, A.D. 2023-Jul-29 00:00:00.0000, 1.404162071312147E+08, 2.979332784020150E+08, 2.898855488576879E+07,
2460161.500000000, A.D. 2023-Aug-05 00:00:00.0000, 1.288016234556441E+08, 3.019290358178152E+08, 2.905717930913608E+07,
2460168.500000000, A.D. 2023-Aug-12 00:00:00.0000, 1.170124583454390E+08, 3.055152624544320E+08, 2.908637844526248E+07,
2460175.500000000, A.D. 2023-Aug-19 00:00:00.0000, 1.050631088938329E+08, 3.086829504814689E+08, 2.907571928839010E+07,
2460182.500000000, A.D. 2023-Aug-26 00:00:00.0000, 9.296850849447581E+07, 3.114235579273494E+08, 2.902482166874067E+07,
2460189.500000000, A.D. 2023-Sep-02 00:00:00.0000, 8.074411640211305E+07, 3.137290442300752E+08, 2.893336106444718E+07,
2460196.500000000, A.D. 2023-Sep-09 00:00:00.0000, 6.840590479794167E+07, 3.155919061775761E+08, 2.880107138608006E+07,
2460203.500000000, A.D. 2023-Sep-16 00:00:00.0000, 5.597034339531272E+07, 3.170052140054174E+08, 2.862774769554877E+07,
2460210.500000000, A.D. 2023-Sep-23 00:00:00.0000, 4.345438187918028E+07, 3.179626477465453E+08, 2.841324882546967E+07,
2460217.500000000, A.D. 2023-Sep-30 00:00:00.0000, 3.087542973171088E+07, 3.184585348162807E+08, 2.815750000726014E+07,
2460224.500000000, A.D. 2023-Oct-07 00:00:00.0000, 1.825133100288859E+07, 3.184878880571315E+08, 2.786049565680549E+07,
2460231.500000000, A.D. 2023-Oct-14 00:00:00.0000, 5.600334987082593E+06, 3.180464406694854E+08, 2.752230192775014E+07,
2460238.500000000, A.D. 2023-Oct-21 00:00:00.0000, -7.058934027045795E+06, 3.171306793751208E+08, 2.714305884559958E+07,
2460245.500000000, A.D. 2023-Oct-28 00:00:00.0000, -1.970750937866026E+07, 3.157378778053594E+08, 2.672298231407860E+07,
2460252.500000000, A.D. 2023-Nov-04 00:00:00.0000, -3.232611827223283E+07, 3.138661290463869E+08, 2.626236601887727E+07,
2460259.500000000, A.D. 2023-Nov-11 00:00:00.0000, -4.489522141910172E+07, 3.115143764287131E+08, 2.576158313592736E+07,
2460266.500000000, A.D. 2023-Nov-18 00:00:00.0000, -5.739505580152191E+07, 3.086824421706620E+08, 2.522108779087581E+07,
2460273.500000000, A.D. 2023-Nov-25 00:00:00.0000, -6.980568039942321E+07, 3.053710535688358E+08, 2.464141623879275E+07,
2460280.500000000, A.D. 2023-Dec-02 00:00:00.0000, -8.210702473627535E+07, 3.015818664058284E+08, 2.402318773826295E+07,
2460287.500000000, A.D. 2023-Dec-09 00:00:00.0000, -9.427894001155174E+07, 2.973174852153495E+08, 2.336710508857529E+07,
2460294.500000000, A.D. 2023-Dec-16 00:00:00.0000, -1.063012523318641E+08, 2.925814801288287E+08, 2.267395478615694E+07,
2460301.500000000, A.D. 2023-Dec-23 00:00:00.0000, -1.181538174502348E+08, 2.873784007108561E+08, 2.194460680611907E+07,
2460308.500000000, A.D. 2023-Dec-30 00:00:00.0000, -1.298165780765099E+08, 2.817137875690597E+08, 2.118001420049968E+07,
2460315.500000000, A.D. 2024-Jan-06 00:00:00.0000, -1.412696252129294E+08, 2.755941791353184E+08, 2.038121246744920E+07,
2460322.500000000, A.D. 2024-Jan-13 00:00:00.0000, -1.524932599864186E+08, 2.690271115775796E+08, 1.954931823989783E+07,
2460329.500000000, A.D. 2024-Jan-20 00:00:00.0000, -1.634680543847216E+08, 2.620211147305498E+08, 1.868552742557237E+07,
2460336.500000000, A.D. 2024-Jan-27 00:00:00.0000, -1.741749125241910E+08, 2.545857045541590E+08, 1.779111303279603E+07,
2460343.500000000, A.D. 2024-Feb-03 00:00:00.0000, -1.845951324457694E+08, 2.467313710564862E+08, 1.686742264206940E+07,
2460350.500000000, A.D. 2024-Feb-10 00:00:00.0000, -1.947104677194476E+08, 2.384695613136666E+08, 1.591587547773714E+07,
2460357.500000000, A.D. 2024-Feb-17 00:00:00.0000, -2.045031882713498E+08, 2.298126575707549E+08, 1.493795907724337E+07,
2460364.500000000, A.D. 2024-Feb-24 00:00:00.0000, -2.139561399470571E+08, 2.207739504714320E+08, 1.393522557122390E+07,
2460371.500000000, A.D. 2024-Mar-02 00:00:00.0000, -2.230528023299734E+08, 2.113676074738627E+08, 1.290928758920640E+07,
2460378.500000000, A.D. 2024-Mar-09 00:00:00.0000, -2.317773442265566E+08, 2.016086365329032E+08, 1.186181379688397E+07,
2460385.500000000, A.D. 2024-Mar-16 00:00:00.0000, -2.401146759829247E+08, 1.915128454376354E+08, 1.079452407182083E+07,
2460392.500000000, A.D. 2024-Mar-23 00:00:00.0000, -2.480504983149572E+08, 1.810967981502566E+08, 9.709184447785258E+06,
2460399.500000000, A.D. 2024-Mar-30 00:00:00.0000, -2.555713495025160E+08, 1.703777684027186E+08, 8.607602064037539E+06,
2460406.500000000, A.D. 2024-Apr-06 00:00:00.0000, -2.626646503333999E+08, 1.593736875155163E+08, 7.491619856460579E+06,
2460413.500000000, A.D. 2024-Apr-13 00:00:00.0000, -2.693187429103950E+08, 1.481030876387592E+08, 6.363110772081725E+06,
2460420.500000000, A.D. 2024-Apr-20 00:00:00.0000, -2.755229239874440E+08, 1.365850434775463E+08, 5.223971854452327E+06,
2460427.500000000, A.D. 2024-Apr-27 00:00:00.0000, -2.812674741283669E+08, 1.248391123659604E+08, 4.076118334975354E+06,
2460434.500000000, A.D. 2024-May-04 00:00:00.0000, -2.865436824191402E+08, 1.128852724409734E+08, 2.921477707301632E+06,
2460441.500000000, A.D. 2024-May-11 00:00:00.0000, -2.913438663603700E+08, 1.007438592798026E+08, 1.761983797932126E+06,
2460448.500000000, A.D. 2024-May-18 00:00:00.0000, -2.956613867771682E+08, 8.843550149453810E+07, 5.995708701910265E+05,
2460455.500000000, A.D. 2024-May-25 00:00:00.0000, -2.994906576953878E+08, 7.598105575168727E+07, -5.638321994745955E+05,
2460462.500000000, A.D. 2024-Jun-01 00:00:00.0000, -3.028271511507615E+08, 6.340154162987968E+07, -1.726307642878961E+06,
2460469.500000000, A.D. 2024-Jun-08 00:00:00.0000, -3.056673967614292E+08, 5.071807675257821E+07, -2.885954405572023E+06,
2460476.500000000, A.D. 2024-Jun-15 00:00:00.0000, -3.080089757884468E+08, 3.795181318333652E+07, -4.040893592958352E+06,
2460483.500000000, A.D. 2024-Jun-22 00:00:00.0000, -3.098505108579962E+08, 2.512387667720306E+07, -5.189273536294229E+06,
2460490.500000000, A.D. 2024-Jun-29 00:00:00.0000, -3.111916536806381E+08, 1.225530735687541E+07, -6.329274404142105E+06,
2460497.500000000, A.D. 2024-Jul-06 00:00:00.0000, -3.120330683777436E+08, -6.330002962363767E+05, -7.459112779339160E+06,
2460504.500000000, A.D. 2024-Jul-13 00:00:00.0000, -3.123764087433882E+08, -1.352035498159365E+07, -8.577046127604529E+06,
2460511.500000000, A.D. 2024-Jul-20 00:00:00.0000, -3.122242917230465E+08, -2.638632221541493E+07, -9.681376863151949E+06,
2460518.500000000, A.D. 2024-Jul-27 00:00:00.0000, -3.115802680923570E+08, -3.921077478192286E+07, -1.077045601673319E+07,
2460525.500000000, A.D. 2024-Aug-03 00:00:00.0000, -3.104487904139140E+08, -5.197394016874301E+07, -1.184268655389003E+07,
2460532.500000000, A.D. 2024-Aug-10 00:00:00.0000, -3.088351784625357E+08, -6.465644481892267E+07, -1.289652635397891E+07,
2460539.500000000, A.D. 2024-Aug-17 00:00:00.0000, -3.067455824247522E+08, -7.723935504384521E+07, -1.393049084976004E+07,
2460546.500000000, A.D. 2024-Aug-24 00:00:00.0000, -3.041869441897500E+08, -8.970421452564186E+07, -1.494315533100873E+07,
2460553.500000000, A.D. 2024-Aug-31 00:00:00.0000, -3.011669569522256E+08, -1.020330784214036E+08, -1.593315692921554E+07,
2460560.500000000, A.D. 2024-Sep-07 00:00:00.0000, -2.976940230944355E+08, -1.142085439387481E+08, -1.689919631220450E+07,
2460567.500000000, A.D. 2024-Sep-14 00:00:00.0000, -2.937772105951524E+08, -1.262137764190762E+08, -1.784003902595832E+07,
2460574.500000000, A.D. 2024-Sep-21 00:00:00.0000, -2.894262103201497E+08, -1.380325305732554E+08, -1.875451627858124E+07,
2460581.500000000, A.D. 2024-Sep-28 00:00:00.0000, -2.846512949908961E+08, -1.496491701765153E+08, -1.964152540211350E+07,
2460588.500000000, A.D. 2024-Oct-05 00:00:00.0000, -2.794632764489918E+08, -1.610486863204793E+08, -2.050003034572510E+07,
2460595.500000000, A.D. 2024-Oct-12 00:00:00.0000, -2.738734618350954E+08, -1.722167113587328E+08, -2.132906193993020E+07,
2460602.500000000, A.D. 2024-Oct-19 00:00:00.0000, -2.678936106605763E+08, -1.831395289509774E+08, -2.212771780928907E+07,
2460609.500000000, A.D. 2024-Oct-26 00:00:00.0000, -2.615358930067622E+08, -1.938040811611753E+08, -2.289516201333339E+07,
2460616.500000000, A.D. 2024-Nov-02 00:00:00.0000, -2.548128487786257E+08, -2.041979729280776E+08, -2.363062447044472E+07,
2460623.500000000, A.D. 2024-Nov-09 00:00:00.0000, -2.477373480818772E+08, -2.143094740651197E+08, -2.433340019135927E+07,
2460630.500000000, A.D. 2024-Nov-16 00:00:00.0000, -2.403225528402690E+08, -2.241275189702439E+08, -2.500284834359822E+07,
2460637.500000000, A.D. 2024-Nov-23 00:00:00.0000, -2.325818797252606E+08, -2.336417042788349E+08, -2.563839117362358E+07,
2460644.500000000, A.D. 2024-Nov-30 00:00:00.0000, -2.245289642872455E+08, -2.428422846870325E+08, -2.623951282734220E+07,
2460651.500000000, A.D. 2024-Dec-07 00:00:00.0000, -2.161776259466072E+08, -2.517201667083928E+08, -2.680575809054083E+07,
2460658.500000000, A.D. 2024-Dec-14 00:00:00.0000, -2.075418345917735E+08, -2.602668993198071E+08, -2.733673090270971E+07,
2460665.500000000, A.D. 2024-Dec-21 00:00:00.0000, -1.986356811425677E+08, -2.684746629127302E+08, -2.783209254883449E+07,
2460672.500000000, A.D. 2024-Dec-28 00:00:00.0000, -1.894733501310008E+08, -2.763362596897097E+08, -2.829155996812747E+07,
2460679.500000000, A.D. 2025-Jan-04 00:00:00.0000, -1.800690917156078E+08, -2.838451032976916E+08, -2.871490423859231E+07,
2460686.500000000, A.D. 2025-Jan-11 00:00:00.0000, -1.704371949510553E+08, -2.909952061955717E+08, -2.910194894801080E+07,
2460693.500000000, A.D. 2025-Jan-18 00:00:00.0000, -1.605919632171012E+08, -2.977811658213270E+08, -2.945256845410769E+07,
2460700.500000000, A.D. 2025-Jan-25 00:00:00.0000, -1.505476915386614E+08, -3.041981501703172E+08, -2.976668610567723E+07,
2460707.500000000, A.D. 2025-Feb-01 00:00:00.0000, -1.403186455725518E+08, -3.102418829443737E+08, -3.004427245459233E+07,
2460714.500000000, A.D. 2025-Feb-08 00:00:00.0000, -1.299190421608711E+08, -3.159086283751255E+08, -3.028534347214790E+07,
2460721.500000000, A.D. 2025-Feb-15 00:00:00.0000, -1.193630313763901E+08, -3.211951758563339E+08, -3.048995878285529E+07,
2460728.500000000, A.D. 2025-Feb-22 00:00:00.0000, -1.086646799104091E+08, -3.260988245534958E+08, -3.065821993763323E+07,
2460735.500000000, A.D. 2025-Mar-01 00:00:00.0000, -9.783795541280073E+07, -3.306173680195202E+08, -3.079026875838156E+07,
2460742.500000000, A.D. 2025-Mar-08 00:00:00.0000, -8.689671149185871E+07, -3.347490780412793E+08, -3.088628571084537E+07,
2460749.500000000, A.D. 2025-Mar-15 00:00:00.0000, -7.585467505145495E+07, -3.384926870339097E+08, -3.094648808924522E+07,
2460756.500000000, A.D. 2025-Mar-22 00:00:00.0000, -6.472543703866471E+07, -3.418473719668699E+08, -3.097112815112987E+07,
2460763.500000000, A.D. 2025-Mar-29 00:00:00.0000, -5.352244295815907E+07, -3.448127407258434E+08, -3.096049160372597E+07,
2460770.500000000, A.D. 2025-Apr-05 00:00:00.0000, -4.225898276329640E+07, -3.473888178293842E+08, -3.091489621902932E+07,
2460777.500000000, A.D. 2025-Apr-12 00:00:00.0000, -3.094818198576846E+07, -3.495760294452496E+08, -3.083469039550777E+07,
2460784.500000000, A.D. 2025-Apr-19 00:00:00.0000, -1.960299422716659E+07, -3.513751886293375E+08, -3.072025172364579E+07,
2460791.500000000, A.D. 2025-Apr-26 00:00:00.0000, -8.236194678143735E+06, -3.527874810256674E+08, -3.057198559868909E+07,
2460798.500000000, A.D. 2025-May-03 00:00:00.0000, 3.139625509683258E+06, -3.538144510376077E+08, -3.039032389079778E+07,
2460805.500000000, A.D. 2025-May-10 00:00:00.0000, 1.451206408725869E+07, -3.544579884859287E+08, -3.017572367543016E+07,
2460812.500000000, A.D. 2025-May-17 00:00:00.0000, 2.586891190059244E+07, -3.547203158143786E+08, -2.992866603094210E+07,
2460819.500000000, A.D. 2025-May-24 00:00:00.0000, 3.719815663990340E+07, -3.546039759106445E+08, -2.964965492307802E+07,
2460826.500000000, A.D. 2025-May-31 00:00:00.0000, 4.848798661659577E+07, -3.541118202382444E+08, -2.933921618791237E+07,
2460833.500000000, A.D. 2025-Jun-07 00:00:00.0000, 5.972679422244260E+07, -3.532469960782022E+08, -2.899789647710767E+07,
2460840.500000000, A.D. 2025-Jun-14 00:00:00.0000, 7.090317676147754E+07, -3.520129335520864E+08, -2.862626200318062E+07,
2460847.500000000, A.D. 2025-Jun-21 00:00:00.0000, 8.200593592269072E+07, -3.504133357041447E+08, -2.822489746428333E+07,
2460854.500000000, A.D. 2025-Jun-28 00:00:00.0000, 9.302407906706759E+07, -3.484521698850209E+08, -2.779440529128826E+07,
2460861.500000000, A.D. 2025-Jul-05 00:00:00.0000, 1.039468208514390E+08, -3.461336582834880E+08, -2.733540490060303E+07,
2460868.500000000, A.D. 2025-Jul-12 00:00:00.0000, 1.147635840346060E+08, -3.434622684066689E+08, -2.684853190693976E+07,
2460875.500000000, A.D. 2025-Jul-19 00:00:00.0000, 1.254639996920178E+08, -3.404427040738263E+08, -2.633443735775636E+07,
2460882.500000000, A.D. 2025-Jul-26 00:00:00.0000, 1.360379070861263E+08, -3.370798969687812E+08, -2.579378701086287E+07,
2460889.500000000, A.D. 2025-Aug-02 00:00:00.0000, 1.464753532943135E+08, -3.333789987179004E+08, -2.522726065754552E+07,
2460896.500000000, A.D. 2025-Aug-09 00:00:00.0000, 1.567665926528658E+08, -3.293453734970737E+08, -2.463555149318323E+07,
2460903.500000000, A.D. 2025-Aug-16 00:00:00.0000, 1.669020861277300E+08, -3.249845912204171E+08, -2.401936554653475E+07,
2460910.500000000, A.D. 2025-Aug-23 00:00:00.0000, 1.768725009365976E+08, -3.203024212856948E+08, -2.337942119209735E+07,
2460917.500000000, A.D. 2025-Aug-30 00:00:00.0000, 1.866687107795794E+08, -3.153048261550268E+08, -2.271644871586119E+07,
2460924.500000000, A.D. 2025-Sep-06 00:00:00.0000, 1.962817952844738E+08, -3.099979537613065E+08, -2.203118972068459E+07,
2460931.500000000, A.D. 2025-Sep-13 00:00:00.0000, 2.057030370170866E+08, -3.043881312092349E+08, -2.132439641874348E+07,
2460938.500000000, A.D. 2025-Sep-20 00:00:00.0000, 2.149239193512582E+08, -2.984818613983712E+08, -2.059683124351001E+07,
2460945.500000000, A.D. 2025-Sep-27 00:00:00.0000, 2.239361262798215E+08, -2.922858194415603E+08, -1.984926662208405E+07,
2460952.500000000, A.D. 2025-Oct-04 00:00:00.0000, 2.327315421712097E+08, -2.858068483261020E+08, -1.908248467690550E+07,
2460959.500000000, A.D. 2025-Oct-11 00:00:00.0000, 2.413022511176125E+08, -2.790519547465724E+08, -1.829727689775351E+07,
2460966.500000000, A.D. 2025-Oct-18 00:00:00.0000, 2.496405361768282E+08, -2.720283053690019E+08, -1.749444383069153E+07,
2460973.500000000, A.D. 2025-Oct-25 00:00:00.0000, 2.577388786649551E+08, -2.647432235006723E+08, -1.667479479417720E+07,
2460980.500000000, A.D. 2025-Nov-01 00:00:00.0000, 2.655899575556658E+08, -2.572041861353903E+08, -1.583914762310088E+07,
2460987.500000000, A.D. 2025-Nov-08 00:00:00.0000, 2.731866490350916E+08, -2.494188213902875E+08, -1.498832844501913E+07,
2460994.500000000, A.D. 2025-Nov-15 00:00:00.0000, 2.805220263737195E+08, -2.413949063755967E+08, -1.412317150559555E+07,
2461001.500000000, A.D. 2025-Nov-22 00:00:00.0000, 2.875893605332347E+08, -2.331403652598737E+08, -1.324451906086813E+07,
2461008.500000000, A.D. 2025-Nov-29 00:00:00.0000, 2.943821213720445E+08, -2.246632663814247E+08, -1.235322122805256E+07,
2461015.500000000, A.D. 2025-Dec-06 00:00:00.0000, 3.008939771863337E+08, -2.159718185299313E+08, -1.145013559557965E+07,
2461022.500000000, A.D. 2025-Dec-13 00:00:00.0000, 3.071187930300698E+08, -2.070743697532170E+08, -1.053612690617496E+07,
2461029.500000000, A.D. 2025-Dec-20 00:00:00.0000, 3.130506313172091E+08, -1.979794076471873E+08, -9.612067048377842E+06,
2461036.500000000, A.D. 2025-Dec-27 00:00:00.0000, 3.186837536452048E+08, -1.886955585202268E+08, -8.678835044704661E+06,
2461043.500000000, A.D. 2026-Jan-03 00:00:00.0000, 3.240126223935944E+08, -1.792315860315319E+08, -7.737316951263189E+06,
2461050.500000000, A.D. 2026-Jan-10 00:00:00.0000, 3.290319022195659E+08, -1.695963899657402E+08, -6.788405732621118E+06,
2461057.500000000, A.D. 2026-Jan-17 00:00:00.0000, 3.337364616949886E+08, -1.597990052184312E+08, -5.833001138889439E+06,
2461064.500000000, A.D. 2026-Jan-24 00:00:00.0000, 3.381213751746501E+08, -1.498486009530587E+08, -4.872009588317350E+06,
2461071.500000000, A.D. 2026-Jan-31 00:00:00.0000, 3.421819249298542E+08, -1.397544799207152E+08, -3.906344056047447E+06,
2461078.500000000, A.D. 2026-Feb-07 00:00:00.0000, 3.459136036162343E+08, -1.295260779843650E+08, -2.936923977331698E+06,
2461085.500000000, A.D. 2026-Feb-14 00:00:00.0000, 3.493121173309063E+08, -1.191729638443905E+08, -1.964675188041002E+06,
2461092.500000000, A.D. 2026-Feb-21 00:00:00.0000, 3.523733896474389E+08, -1.087048383636018E+08, -9.905298894739151E+05,
2461099.500000000, A.D. 2026-Feb-28 00:00:00.0000, 3.550935655524641E+08, -9.813153231093588E+07, -1.542644193400443E+04,
2461106.500000000, A.D. 2026-Mar-07 00:00:00.0000, 3.574690132399111E+08, -8.746300445128512E+07, 9.596910444024839E+05,
2461113.500000000, A.D. 2026-Mar-14 00:00:00.0000, 3.594963265500005E+08, -7.670934229362376E+07, 1.933872878046080E+06,
2461120.500000000, A.D. 2026-Mar-21 00:00:00.0000, 3.611723298456540E+08, -6.588076257795060E+07, 2.906163789840020E+06,
2461127.500000000, A.D. 2026-Mar-28 00:00:00.0000, 3.624940833266255E+08, -5.498761045184663E+07, 3.875603042798560E+06,
2461134.500000000, A.D. 2026-Apr-04 00:00:00.0000, 3.634588881844925E+08, -4.404035828115012E+07, 4.841224627266489E+06,
2461141.500000000, A.D. 2026-Apr-11 00:00:00.0000, 3.640642918766711E+08, -3.304960443102190E+07, 5.802057489392974E+06,
2461148.500000000, A.D. 2026-Apr-18 00:00:00.0000, 3.643080936820096E+08, -2.202607199797511E+07, 6.757125780281683E+06,
2461155.500000000, A.D. 2026-Apr-25 00:00:00.0000, 3.641883505869000E+08, -1.098060745025943E+07, 7.705449125421578E+06,
2461162.500000000, A.D. 2026-May-02 00:00:00.0000, 3.637033835357438E+08, 7.582082290550694E+04, 8.646042911892066E+06,
2461169.500000000, A.D. 2026-May-09 00:00:00.0000, 3.628517841729671E+08, 1.113212401657282E+07, 9.577918579255404E+06,
2461176.500000000, A.D. 2026-May-16 00:00:00.0000, 3.616324224538611E+08, 2.217709463793670E+07, 1.050008389320318E+07,
2461183.500000000, A.D. 2026-May-23 00:00:00.0000, 3.600444551708701E+08, 3.319940951293068E+07, 1.141154328305224E+07,
2461190.500000000, A.D. 2026-May-30 00:00:00.0000, 3.580873333159298E+08, 4.418763442983829E+07, 1.231129846324328E+07,
2461197.500000000, A.D. 2026-Jun-06 00:00:00.0000, 3.557608079649891E+08, 5.513022718124417E+07, 1.319834910405925E+07,
2461204.500000000, A.D. 2026-Jun-13 00:00:00.0000, 3.530649383442675E+08, 6.601553923648689E+07, 1.407169323398435E+07,
2461211.500000000, A.D. 2026-Jun-20 00:00:00.0000, 3.500001015654772E+08, 7.683181900943306E+07, 1.493032766127235E+07,
2461218.500000000, A.D. 2026-Jun-27 00:00:00.0000, 3.465670023212734E+08, 8.756721642280284E+07, 1.577324854577567E+07,
2461225.500000000, A.D. 2026-Jul-04 00:00:00.0000, 3.427666825290418E+08, 9.820978803564742E+07, 1.659945206083270E+07,
2461232.500000000, A.D. 2026-Jul-11 00:00:00.0000, 3.386005311618715E+08, 1.087475026445434E+08, 1.740793511421481E+07,
2461239.500000000, A.D. 2026-Jul-18 00:00:00.0000, 3.340702943408886E+08, 1.191682474280439E+08, 1.819769612481476E+07,
2461246.500000000, A.D. 2026-Jul-25 00:00:00.0000, 3.291780856913892E+08, 1.294598346823188E+08, 1.896773585621095E+07,
2461253.500000000, A.D. 2026-Aug-01 00:00:00.0000, 3.239263969855581E+08, 1.396100091464887E+08, 1.971705830204188E+07,
2461260.500000000, A.D. 2026-Aug-08 00:00:00.0000, 3.183181092584484E+08, 1.496064559291933E+08, 2.044467160392898E+07,
2461267.500000000, A.D. 2026-Aug-15 00:00:00.0000, 3.123565047793164E+08, 1.594368095324576E+08, 2.114958900359848E+07,
2461274.500000000, A.D. 2026-Aug-22 00:00:00.0000, 3.060452790733488E+08, 1.690886652390871E+08, 2.183083000095255E+07,
2461281.500000000, A.D. 2026-Aug-29 00:00:00.0000, 2.993885506570350E+08, 1.785495915439063E+08, 2.248742181944989E+07,
2461288.500000000, A.D. 2026-Sep-05 00:00:00.0000, 2.923908705798602E+08, 1.878071408132707E+08, 2.311840075306060E+07,
2461295.500000000, A.D. 2026-Sep-12 00:00:00.0000, 2.850572341748522E+08, 1.968488607122054E+08, 2.372281337579672E+07,
2461302.500000000, A.D. 2026-Sep-19 00:00:00.0000, 2.773930930795284E+08, 2.056623079883893E+08, 2.429971791386908E+07,
2461309.500000000, A.D. 2026-Sep-26 00:00:00.0000, 2.694043666007158E+08, 2.142350637268056E+08, 2.484818578554682E+07,
2461316.500000000, A.D. 2026-Oct-03 00:00:00.0000, 2.610974525994336E+08, 2.225547496692384E+08, 2.536730325154747E+07,
2461323.500000000, A.D. 2026-Oct-10 00:00:00.0000, 2.524792379975550E+08, 2.306090456168572E+08, 2.585617315969929E+07,
2461330.500000000, A.D. 2026-Oct-17 00:00:00.0000, 2.435571088735017E+08, 2.383857079738960E+08, 2.631391678270088E+07,
2461337.500000000, A.D. 2026-Oct-24 00:00:00.0000, 2.343389600812416E+08, 2.458725894435957E+08, 2.673967574646167E+07,
2461344.500000000, A.D. 2026-Oct-31 00:00:00.0000, 2.248332043949960E+08, 2.530576598357082E+08, 2.713261403509776E+07,
2461351.500000000, A.D. 2026-Nov-07 00:00:00.0000, 2.150487814144590E+08, 2.599290280755052E+08, 2.749192004635744E+07,
2461358.500000000, A.D. 2026-Nov-14 00:00:00.0000, 2.049951663167160E+08, 2.664749663048254E+08, 2.781680874763919E+07,
2461365.500000000, A.D. 2026-Nov-21 00:00:00.0000, 1.946823765093589E+08, 2.726839367461913E+08, 2.810652414763214E+07,
2461372.500000000, A.D. 2026-Nov-28 00:00:00.0000, 1.841209750362722E+08, 2.785446183167806E+08, 2.836034192436069E+07,
2461379.500000000, A.D. 2026-Dec-05 00:00:00.0000, 1.733220742175721E+08, 2.840459323407381E+08, 2.857757182259904E+07,
2461386.500000000, A.D. 2026-Dec-12 00:00:00.0000, 1.622973395553868E+08, 2.891770704561486E+08, 2.875756005649137E+07,
2461393.500000000, A.D. 2026-Dec-19 00:00:00.0000, 1.510589918770112E+08, 2.939275246901680E+08, 2.889969188614576E+07,
2461400.500000000, A.D. 2026-Dec-26 00:00:00.0000, 1.396198074290218E+08, 2.982871187866551E+08, 2.900339430411871E+07,
2461407.500000000, A.D. 2027-Jan-02 00:00:00.0000, 1.279931160506837E+08, 3.022460405298376E+08, 2.906813878250410E+07,
2461414.500000000, A.D. 2027-Jan-09 00:00:00.0000, 1.161927973919488E+08, 3.057948750003043E+08, 2.909344406101476E+07,
2461421.500000000, A.D. 2027-Jan-16 00:00:00.0000, 1.042332750571973E+08, 3.089246386703918E+08, 2.907887896110708E+07,
2461428.500000000, A.D. 2027-Jan-23 00:00:00.0000, 9.212950856643850E+07, 3.116268141796837E+08, 2.902406520457453E+07,
2461435.500000000, A.D. 2027-Jan-30 00:00:00.0000, 7.989698316984983E+07, 3.138933856052182E+08, 2.892868019986339E+07,
2461442.500000000, A.D. 2027-Feb-06 00:00:00.0000, 6.755169779387622E+07, 3.157168744119484E+08, 2.879245976810874E+07,
2461449.500000000, A.D. 2027-Feb-13 00:00:00.0000, 5.511015052345315E+07, 3.170903771320090E+08, 2.861520093252058E+07,
2461456.500000000, A.D. 2027-Feb-20 00:00:00.0000, 4.258931913506064E+07, 3.180076037813728E+08, 2.839676490195094E+07,
2461463.500000000, A.D. 2027-Feb-27 00:00:00.0000, 3.000663795636885E+07, 3.184629135748097E+08, 2.813707983584239E+07,
2461470.500000000, A.D. 2027-Mar-06 00:00:00.0000, 1.737997396904162E+07, 3.184513496387139E+08, 2.783614325021787E+07,
2461477.500000000, A.D. 2027-Mar-13 00:00:00.0000, 4.727600484015677E+06, 3.179686745249838E+08, 2.749402435525127E+07,
2461484.500000000, A.D. 2027-Mar-20 00:00:00.0000, -7.931832794229655E+06, 3.170114054172421E+08, 2.711086633428189E+07,
2461491.500000000, A.D. 2027-Mar-27 00:00:00.0000, -2.057933314483237E+07, 3.155768481937685E+08, 2.668688847539219E+07,
2461498.500000000, A.D. 2027-Apr-03 00:00:00.0000, -3.319560145053521E+07, 3.136631300014943E+08, 2.622238810727789E+07,
2461505.500000000, A.D. 2027-Apr-10 00:00:00.0000, -4.576107197315677E+07, 3.112692300556026E+08, 2.571774230969134E+07,
2461512.500000000, A.D. 2027-Apr-17 00:00:00.0000, -5.825595520399542E+07, 3.083950083339257E+08, 2.517340936936489E+07,
2461519.500000000, A.D. 2027-Apr-24 00:00:00.0000, -7.066028361716919E+07, 3.050412317828414E+08, 2.458992994361439E+07,
2461526.500000000, A.D. 2027-May-01 00:00:00.0000, -8.295395989784227E+07, 3.012095977405393E+08, 2.396792788182643E+07,
2461533.500000000, A.D. 2027-May-08 00:00:00.0000, -9.511680717391968E+07, 2.969027550089610E+08, 2.330811071463463E+07,
2461540.500000000, A.D. 2027-May-15 00:00:00.0000, -1.071286225467875E+08, 2.921243232248682E+08, 2.261127000462964E+07,
2461547.500000000, A.D. 2027-May-22 00:00:00.0000, -1.189692352367594E+08, 2.868789076462095E+08, 2.187828146992995E+07,
2461554.500000000, A.D. 2027-May-29 00:00:00.0000, -1.306185657035111E+08, 2.811721075932856E+08, 2.111010443486528E+07,
2461561.500000000, A.D. 2027-Jun-05 00:00:00.0000, -1.420566845528818E+08, 2.750105214219455E+08, 2.030778076936108E+07,
2461568.500000000, A.D. 2027-Jun-12 00:00:00.0000, -1.532638728901671E+08, 2.684017482471391E+08, 1.947243352575085E+07,
2461575.500000000, A.D. 2027-Jun-19 00:00:00.0000, -1.642206840665535E+08, 2.613543852894651E+08, 1.860526521913971E+07,
2461582.500000000, A.D. 2027-Jun-26 00:00:00.0000, -1.749080061314880E+08, 2.538780204260544E+08, 1.770755570082302E+07,
2461589.500000000, A.D. 2027-Jul-03 00:00:00.0000, -1.853071244296660E+08, 2.459832198409370E+08, 1.678065961420703E+07,
2461596.500000000, A.D. 2027-Jul-10 00:00:00.0000, -1.953997838589682E+08, 2.376815107172565E+08, 1.582600343586825E+07,
2461603.500000000, A.D. 2027-Jul-17 00:00:00.0000, -2.051682502942752E+08, 2.289853589154603E+08, 1.484508210503992E+07,
2461610.500000000, A.D. 2027-Jul-24 00:00:00.0000, -2.145953705560920E+08, 2.199081416095777E+08, 1.383945523629226E+07,
2461617.500000000, A.D. 2027-Jul-31 00:00:00.0000, -2.236646300473558E+08, 2.104641152055793E+08, 1.281074291542169E+07,
2461624.500000000, A.D. 2027-Aug-07 00:00:00.0000, -2.323602077988686E+08, 2.006683798356741E+08, 1.176062121349183E+07,
2461631.500000000, A.D. 2027-Aug-14 00:00:00.0000, -2.406670307757502E+08, 1.905368403714042E+08, 1.069081763529949E+07,
2461638.500000000, A.D. 2027-Aug-21 00:00:00.0000, -2.485708263874468E+08, 1.800861608364237E+08, 9.603106200287834E+06,
2461645.500000000, A.D. 2027-Aug-28 00:00:00.0000, -2.560581693461273E+08, 1.693337136930409E+08, 8.499301974532284E+06,
2461652.500000000, A.D. 2027-Sep-04 00:00:00.0000, -2.631165236907960E+08, 1.582975268107539E+08, 7.381255406142004E+06,
2461659.500000000, A.D. 2027-Sep-11 00:00:00.0000, -2.697342810713804E+08, 1.469962278284816E+08, 6.250846579138041E+06,
2461666.500000000, A.D. 2027-Sep-18 00:00:00.0000, -2.759007948924102E+08, 1.354489856837601E+08, 5.109979362337887E+06,
2461673.500000000, A.D. 2027-Sep-25 00:00:00.0000, -2.816064098550590E+08, 1.236754496817341E+08, 3.960575468317598E+06,
2461680.500000000, A.D. 2027-Oct-02 00:00:00.0000, -2.868424866342605E+08, 1.116956865985470E+08, 2.804568460742429E+06,
2461687.500000000, A.D. 2027-Oct-09 00:00:00.0000, -2.916014215314705E+08, 9.953011629189962E+07, 1.643897750992432E+06,
2461694.500000000, A.D. 2027-Oct-16 00:00:00.0000, -2.958766609583679E+08, 8.719944624701354E+07, 4.805026170435213E+05,
2461701.500000000, A.D. 2027-Oct-23 00:00:00.0000, -2.996627104660649E+08, 7.472460553651139E+07, -6.836837373223267E+05,
2461708.500000000, A.D. 2027-Oct-30 00:00:00.0000, -3.029551379737029E+08, 6.212667928355135E+07, -1.846740026636340E+06,
2461715.500000000, A.D. 2027-Nov-06 00:00:00.0000, -3.057505724411801E+08, 4.942684522259597E+07, -3.006762393734476E+06,
2461722.500000000, A.D. 2027-Nov-13 00:00:00.0000, -3.080467001075689E+08, 3.664631072960003E+07, -4.161869537959611E+06,
2461729.500000000, A.D. 2027-Nov-20 00:00:00.0000, -3.098422555784034E+08, 2.380624856533683E+07, -5.310207874524157E+06,
2461736.500000000, A.D. 2027-Nov-27 00:00:00.0000, -3.111370063584247E+08, 1.092773469935321E+07, -6.449956601290924E+06,
2461743.500000000, A.D. 2027-Dec-04 00:00:00.0000, -3.119317330993001E+08, -1.968310511135193E+06, -7.579332386193995E+06,
2461750.500000000, A.D. 2027-Dec-11 00:00:00.0000, -3.122282064035650E+08, -1.486117843020520E+07, -8.696593682731390E+06,
2461757.500000000, A.D. 2027-Dec-18 00:00:00.0000, -3.120291602305850E+08, -2.773042559034366E+07, -9.800044709917130E+06,
2461764.500000000, A.D. 2027-Dec-25 00:00:00.0000, -3.113382620883160E+08, -4.055592423043677E+07, -1.088803909747813E+07,
2461771.500000000, A.D. 2028-Jan-01 00:00:00.0000, -3.101600803177269E+08, -5.331790970466491E+07, -1.195898318928975E+07,
$$EOE