$$SOE
2459580.500000000, A.D. 2022-Jan-01 00:00:00.0000, -4.139272401236342E+07, -3.602427793689756E+08, 5.086715526279162E+07,
2459587.500000000, A.D. 2022-Jan-08 00:00:00.0000, -2.978412820697591E+07, -3.596821468806642E+08, 4.824182559567313E+07,
2459594.500000000, A.D. 2022-Jan-15 00:00:00.0000, -1.814560762689418E+07, -3.587598474581991E+08, 4.556799190842454E+07,
2459601.500000000, A.D. 2022-Jan-22 00:00:00.0000, -6.488551283373495E+06, -3.574707223672811E+08, 4.284756936245872E+07,
2459608.500000000, A.D. 2022-Jan-29 00:00:00.0000, 5.175239835186517E+06, -3.558099376671184E+08, 4.008260216807604E+07,
2459615.500000000, A.D. 2022-Feb-05 00:00:00.0000, 1.683355384173658E+07, -3.537730169379935E+08, 3.727526672234122E+07,
2459622.500000000, A.D. 2022-Feb-12 00:00:00.0000, 2.847377342321983E+07, -3.513558762635686E+08, 3.442787410949987E+07,
2459629.500000000, A.D. 2022-Feb-19 00:00:00.0000, 4.008288458441422E+07, -3.485548589784473E+08, 3.154287222087950E+07,
2459636.500000000, A.D. 2022-Feb-26 00:00:00.0000, 5.164748755215312E+07, -3.453667707548041E+08, 2.862284749391577E+07,
2459643.500000000, A.D. 2022-Mar-05 00:00:00.0000, 6.315381019592437E+07, -3.417889154657116E+08, 2.567052614087945E+07,
2459650.500000000, A.D. 2022-Mar-12 00:00:00.0000, 7.458772437563418E+07, -3.378191316803499E+08, 2.268877477508612E+07,
2459657.500000000, A.D. 2022-Mar-19 00:00:00.0000, 8.593476546477675E+07, -3.334558295194095E+08, 1.968060036237803E+07,
2459664.500000000, A.D. 2022-Mar-26 00:00:00.0000, 9.718015523351744E+07, -3.286980275991836E+08, 1.664914942689785E+07,
2459671.500000000, A.D. 2022-Apr-02 00:00:00.0000, 1.083088283024932E+08, -3.235453898110293E+08, 1.359770643316151E+07,
2459678.500000000, A.D. 2022-Apr-09 00:00:00.0000, 1.193054625567026E+08, -3.179982615930513E+08, 1.052969125543030E+07,
2459685.500000000, A.D. 2022-Apr-16 00:00:00.0000, 1.301545139608731E+08, -3.120577046729438E+08, 7.448655694191754E+06,
2459692.500000000, A.D. 2022-Apr-23 00:00:00.0000, 1.408402545523171E+08, -3.057255288019909E+08, 4.358279188278079E+06,
2459699.500000000, A.D. 2022-Apr-30 00:00:00.0000, 1.513468117406725E+08, -2.990043223013425E+08, 1.262363660041630E+06,
2459706.500000000, A.D. 2022-May-07 00:00:00.0000, 1.616582119274251E+08, -2.918974829455746E+08, -1.835172991257146E+06,
2459713.500000000, A.D. 2022-May-14 00:00:00.0000, 1.717584297316573E+08, -2.844092456799248E+08, -4.930304659085169E+06,
2459720.500000000, A.D. 2022-May-21 00:00:00.0000, 1.816314406322504E+08, -2.765447059344919E+08, -8.018905833659634E+06,
2459727.500000000, A.D. 2022-May-28 00:00:00.0000, 1.912612763337866E+08, -2.683098390126849E+08, -1.109676148091185E+07,
2459734.500000000, A.D. 2022-Jun-04 00:00:00.0000, 2.006320828596950E+08, -2.597115153993052E+08, -1.415957803965278E+07,
2459741.500000000, A.D. 2022-Jun-11 00:00:00.0000, 2.097281811766982E+08, -2.507575115489531E+08, -1.720299552625819E+07,
2459748.500000000, A.D. 2022-Jun-18 00:00:00.0000, 2.185341299818899E+08, -2.414565157374595E+08, -2.022260070536651E+07,
2459755.500000000, A.D. 2022-Jun-25 00:00:00.0000, 2.270347902091795E+08, -2.318181286333765E+08, -2.321394126956224E+07,
2459762.500000000, A.D. 2022-Jul-02 00:00:00.0000, 2.352153908525804E+08, -2.218528583164219E+08, -2.617254096774967E+07,
2459769.500000000, A.D. 2022-Jul-09 00:00:00.0000, 2.430615959080130E+08, -2.115721092858845E+08, -2.909391560765456E+07,
2459776.500000000, A.D. 2022-Jul-16 00:00:00.0000, 2.505595717477069E+08, -2.009881641722259E+08, -3.197358972402908E+07,
2459783.500000000, A.D. 2022-Jul-23 00:00:00.0000, 2.576960520584950E+08, -1.901141579515097E+08, -3.480711357230937E+07,
2459790.500000000, A.D. 2022-Jul-30 00:00:00.0000, 2.644583997262123E+08, -1.789640479747134E+08, -3.759008058120536E+07,
2459797.500000000, A.D. 2022-Aug-06 00:00:00.0000, 2.708346685496807E+08, -1.675525792100976E+08, -4.031814537880237E+07,
2459804.500000000, A.D. 2022-Aug-13 00:00:00.0000, 2.768136632483069E+08, -1.558952420899135E+08, -4.298704191771764E+07,
2459811.500000000, A.D. 2022-Aug-20 00:00:00.0000, 2.823849954932817E+08, -1.440082237108362E+08, -4.559260141388644E+07,
2459818.500000000, A.D. 2022-Aug-27 00:00:00.0000, 2.875391353552561E+08, -1.319083534563559E+08, -4.813076997573642E+07,
2459825.500000000, A.D. 2022-Sep-03 00:00:00.0000, 2.922674577832810E+08, -1.196130435844389E+08, -5.059762576386572E+07,
2459832.500000000, A.D. 2022-Sep-10 00:00:00.0000, 2.965622836308615E+08, -1.071402252747580E+08, -5.298939549765854E+07,
2459839.500000000, A.D. 2022-Sep-17 00:00:00.0000, 3.004169147581418E+08, -9.450828073408639E+07, -5.530247012894674E+07,
2459846.500000000, A.D. 2022-Sep-24 00:00:00.0000, 3.038256628546844E+08, -8.173597207810739E+07, -5.753341952177148E+07,
2459853.500000000, A.D. 2022-Oct-01 00:00:00.0000, 3.067838718961110E+08, -6.884236773716481E+07, -5.967900600638336E+07,
2459860.500000000, A.D. 2022-Oct-08 00:00:00.0000, 3.092879344116319E+08, -5.584676662804767E+07, -6.173619666333640E+07,
2459867.500000000, A.D. 2022-Oct-15 00:00:00.0000, 3.113353005112343E+08, -4.276861968281606E+07, -6.370217403693313E+07,
2459874.500000000, A.D. 2022-Oct-22 00:00:00.0000, 3.129244774792479E+08, -2.962745122761385E+07, -6.557434512213961E+07,
2459881.500000000, A.D. 2022-Oct-29 00:00:00.0000, 3.140550225115647E+08, -1.644278360780518E+07, -6.735034899288997E+07,
2459888.500000000, A.D. 2022-Nov-05 00:00:00.0000, 3.147275308717890E+08, -3.234063090948056E+06, -6.902806298903765E+07,
2459895.500000000, A.D. 2022-Nov-12 00:00:00.0000, 3.149436177781999E+08, 9.979413485273805E+06, -7.060560715283380E+07,
2459902.500000000, A.D. 2022-Nov-19 00:00:00.0000, 3.147058936673707E+08, 2.317856968046078E+07, -7.208134692714620E+07,
2459909.500000000, A.D. 2022-Nov-26 00:00:00.0000, 3.140179335373477E+08, 3.634461701312162E+07, -7.345389419607085E+07,
2459916.500000000, A.D. 2022-Dec-03 00:00:00.0000, 3.128842410410834E+08, 4.945911855307543E+07, -7.472210673070735E+07,
2459923.500000000, A.D. 2022-Dec-10 00:00:00.0000, 3.113102079319557E+08, 6.250404809062357E+07, -7.588508611001197E+07,
2459930.500000000, A.D. 2022-Dec-17 00:00:00.0000, 3.093020694811032E+08, 7.546184446895105E+07, -7.694217420682177E+07,
2459937.500000000, A.D. 2022-Dec-24 00:00:00.0000, 3.068668565967420E+08, 8.831546071156508E+07, -7.789294835640468E+07,
2459944.500000000, A.D. 2022-Dec-31 00:00:00.0000, 3.040123456350334E+08, 1.010484078343129E+08, -7.873721534623091E+07,
2459951.500000000, A.D. 2023-Jan-07 00:00:00.0000, 3.007470066503209E+08, 1.136447941701601E+08, -7.947500428150293E+07,
2459958.500000000, A.D. 2023-Jan-14 00:00:00.0000, 2.970799487306396E+08, 1.260893606587985E+08, -8.010655823418176E+07,
2459965.500000000, A.D. 2023-Jan-21 00:00:00.0000, 2.930208623782812E+08, 1.383675089605127E+08, -8.063232501470757E+07,
2459972.500000000, A.D. 2023-Jan-28 00:00:00.0000, 2.885799631733434E+08, 1.504653222889405E+08, -8.105294755772711E+07,
2459979.500000000, A.D. 2023-Feb-04 00:00:00.0000, 2.837679370336493E+08, 1.623695821425737E+08, -8.136925378840449E+07,
2459986.500000000, A.D. 2023-Feb-11 00:00:00.0000, 2.785958857556058E+08, 1.740677809488476E+08, -8.158224595014621E+07,
2459993.500000000, A.D. 2023-Feb-18 00:00:00.0000, 2.730752732041252E+08, 1.855481300478552E+08, -8.169308957838218E+07,
2460000.500000000, A.D. 2023-Feb-25 00:00:00.0000, 2.672178727912312E+08, 1.967995631409605E+08, -8.170310227199218E+07,
2460007.500000000, A.D. 2023-Mar-04 00:00:00.0000, 2.610357166689091E+08, 2.078117355428169E+08, -8.161374237675975E+07,
2460014.500000000, A.D. 2023-Mar-11 00:00:00.0000, 2.545410469398809E+08, 2.185750195818669E+08, -8.142659768426603E+07,
2460021.500000000, A.D. 2023-Mar-18 00:00:00.0000, 2.477462691638049E+08, 2.290804964575340E+08, -8.114337424919765E+07,
2460028.500000000, A.D. 2023-Mar-25 00:00:00.0000, 2.406639085480230E+08, 2.393199448667322E+08, -8.076588543310142E+07,
2460035.500000000, A.D. 2023-Apr-01 00:00:00.0000, 2.333065693879687E+08, 2.492858271472360E+08, -8.029604125533658E+07,
2460042.500000000, A.D. 2023-Apr-08 00:00:00.0000, 2.256868972351482E+08, 2.589712745041405E+08, -7.973583795447437E+07,
2460049.500000000, A.D. 2023-Apr-15 00:00:00.0000, 2.178175415007663E+08, 2.683700705456821E+08, -7.908734768238994E+07,
2460056.500000000, A.D. 2023-Apr-22 00:00:00.0000, 2.097111203198766E+08, 2.774766304057809E+08, -7.835270878809863E+07,
2460063.500000000, A.D. 2023-Apr-29 00:00:00.0000, 2.013801904021373E+08, 2.862859780124552E+08, -7.753411679231259E+07,
2460070.500000000, A.D. 2023-May-06 00:00:00.0000, 1.928372200661855E+08, 2.947937235652584E+08, -7.663381576794350E+07,
2460077.500000000, A.D. 2023-May-13 00:00:00.0000, 1.840945644142881E+08, 3.029960405931082E+08, -7.565409012540588E+07,
2460084.500000000, A.D. 2023-May-20 00:00:00.0000, 1.751644427979397E+08, 3.108896423458867E+08, -7.459725687426859E+07,
2460091.500000000, A.D. 2023-May-27 00:00:00.0000, 1.660589186696557E+08, 3.184717577123031E+08, -7.346565838561082E+07,
2460098.500000000, A.D. 2023-Jun-03 00:00:00.0000, 1.567898817682347E+08, 3.257401068894608E+08, -7.226165565718555E+07,
2460105.500000000, A.D. 2023-Jun-10 00:00:00.0000, 1.473690325417885E+08, 3.326928769679270E+08, -7.098762207907099E+07,
2460112.500000000, A.D. 2023-Jun-17 00:00:00.0000, 1.378078687715707E+08, 3.393286975287902E+08, -6.964593770340225E+07,
2460119.500000000, A.D. 2023-Jun-24 00:00:00.0000, 1.281176745866276E+08, 3.456466164454986E+08, -6.823898403049891E+07,
2460126.500000000, A.D. 2023-Jul-01 00:00:00.0000, 1.183095119918358E+08, 3.516460768376769E+08, -6.676913925242139E+07,
2460133.500000000, A.D. 2023-Jul-08 00:00:00.0000, 1.083942131062378E+08, 3.573268960968523E+08, -6.523877371588878E+07,
2460140.500000000, A.D. 2023-Jul-15 00:00:00.0000, 9.838237170208599E+07, 3.626892442319657E+08, -6.365024569727372E+07,
2460147.500000000, A.D. 2023-Jul-22 00:00:00.0000, 8.828433743481317E+07, 3.677336205721641E+08, -6.200589787735949E+07,
2460154.500000000, A.D. 2023-Jul-29 00:00:00.0000, 7.811021313081224E+07, 3.724608320303975E+08, -6.030805428466670E+07,
2460161.500000000, A.D. 2023-Aug-05 00:00:00.0000, 6.786985305859399E+07, 3.768719731616503E+08, -5.855901749005610E+07,
2460168.500000000, A.D. 2023-Aug-12 00:00:00.0000, 5.757286184043987E+07, 3.809684071434789E+08, -5.676106608307433E+07,
2460175.500000000, A.D. 2023-Aug-19 00:00:00.0000, 4.722859417043903E+07, 3.847517474781365E+08, -5.491645245175104E+07,
2460182.500000000, A.D. 2023-Aug-26 00:00:00.0000, 3.684615535595660E+07, 3.882238404433444E+08, -5.302740085446359E+07,
2460189.500000000, A.D. 2023-Sep-02 00:00:00.0000, 2.643440261777662E+07, 3.913867483039992E+08, -5.109610576544382E+07,
2460196.500000000, A.D. 2023-Sep-09 00:00:00.0000, 1.600194709572035E+07, 3.942427332416216E+08, -4.912473048055987E+07,
2460203.500000000, A.D. 2023-Sep-16 00:00:00.0000, 5.557156644322691E+06, 3.967942419359769E+08, -4.711540598416033E+07,
2460210.500000000, A.D. 2023-Sep-23 00:00:00.0000, -4.891840243145353E+06, 3.990438910739787E+08, -4.507023007325414E+07,
2460217.500000000, A.D. 2023-Sep-30 00:00:00.0000, -1.533714979357377E+07, 4.009944549625942E+08, -4.299126659339732E+07,
2460224.500000000, A.D. 2023-Oct-07 00:00:00.0000, -2.577111001308144E+07, 4.026488546840827E+08, -4.088054459819005E+07,
2460231.500000000, A.D. 2023-Oct-14 00:00:00.0000, -3.618628846660365E+07, 4.040101454540538E+08, -3.874005778128652E+07,
2460238.500000000, A.D. 2023-Oct-21 00:00:00.0000, -4.657547760795067E+07, 4.050815037627763E+08, -3.657176433108418E+07,
2460245.500000000, A.D. 2023-Oct-28 00:00:00.0000, -5.693168913301579E+07, 4.058662165392001E+08, -3.437758687977752E+07,
2460252.500000000, A.D. 2023-Nov-04 00:00:00.0000, -6.724814864799249E+07, 4.063676715396714E+08, -3.215941248150931E+07,
2460259.500000000, A.D. 2023-Nov-11 00:00:00.0000, -7.751829051417576E+07, 4.065893483307633E+08, -2.991909267163883E+07,
2460266.500000000, A.D. 2023-Nov-18 00:00:00.0000, -8.773575268635778E+07, 4.065348097704349E+08, -2.765844362017308E+07,
2460273.500000000, A.D. 2023-Nov-25 00:00:00.0000, -9.789437150661699E+07, 4.062076939792139E+08, -2.537924637303248E+07,
2460280.500000000, A.D. 2023-Dec-02 00:00:00.0000, -1.079881764577889E+08, 4.056117067620212E+08, -2.308324717491548E+07,
2460287.500000000, A.D. 2023-Dec-09 00:00:00.0000, -1.180113848274759E+08, 4.047506143967531E+08, -2.077215787728165E+07,
2460294.500000000, A.D. 2023-Dec-16 00:00:00.0000, -1.279583960188369E+08, 4.036282367788237E+08, -1.844765644917777E+07,
2460301.500000000, A.D. 2023-Dec-23 00:00:00.0000, -1.378237851793055E+08, 4.022484415857434E+08, -1.611138755953002E+07,
2460308.500000000, A.D. 2023-Dec-30 00:00:00.0000, -1.476022975037375E+08, 4.006151404879573E+08, -1.376496301561329E+07,
2460315.500000000, A.D. 2024-Jan-06 00:00:00.0000, -1.572888449960057E+08, 3.987322850203661E+08, -1.140996208171189E+07,
2460322.500000000, A.D. 2024-Jan-13 00:00:00.0000, -1.668785025269172E+08, 3.966038602777419E+08, -9.047932110156298E+06,
2460329.500000000, A.D. 2024-Jan-20 00:00:00.0000, -1.763665019788659E+08, 3.942338794927657E+08, -6.680389339674354E+06,
2460336.500000000, A.D. 2024-Jan-27 00:00:00.0000, -1.857482265168581E+08, 3.916263801279449E+08, -4.308819617672652E+06,
2460343.500000000, A.D. 2024-Feb-03 00:00:00.0000, -1.950192054223731E+08, 3.887854205107329E+08, -1.934679080786496E+06,
2460350.500000000, A.D. 2024-Feb-10 00:00:00.0000, -2.041751092205639E+08, 3.857150766995505E+08, 4.406051606552601E+05,
2460357.500000000, A.D. 2024-Feb-17 00:00:00.0000, -2.132117449690114E+08, 3.824194395697618E+08, 2.815634325367749E+06,
2460364.500000000, A.D. 2024-Feb-24 00:00:00.0000, -2.221250516773639E+08, 3.789026121171824E+08, 5.189037251884609E+06,
2460371.500000000, A.D. 2024-Mar-02 00:00:00.0000, -2.309110958321605E+08, 3.751687069302760E+08, 7.559469674748152E+06,
2460378.500000000, A.D. 2024-Mar-09 00:00:00.0000, -2.395660668903773E+08, 3.712218437523059E+08, 9.925613470759436E+06,
2460385.500000000, A.D. 2024-Mar-16 00:00:00.0000, -2.480862723479377E+08, 3.670661473151216E+08, 1.228617585743898E+07,
2460392.500000000, A.D. 2024-Mar-23 00:00:00.0000, -2.564681324883027E+08, 3.627057465388442E+08, 1.463988864584687E+07,
2460399.500000000, A.D. 2024-Mar-30 00:00:00.0000, -2.647081770537609E+08, 3.581447750580951E+08, 1.698550775286792E+07,
2460406.500000000, A.D. 2024-Apr-06 00:00:00.0000, -2.728030435818875E+08, 3.533873696949112E+08, 1.932181267583427E+07,
2460413.500000000, A.D. 2024-Apr-13 00:00:00.0000, -2.807494738537875E+08, 3.484376676992880E+08, 2.164760567363252E+07,
2460420.500000000, A.D. 2024-Apr-20 00:00:00.0000, -2.885443094078177E+08, 3.432998054212974E+08, 2.396171096157607E+07,
2460427.500000000, A.D. 2024-Apr-27 00:00:00.0000, -2.961844876362172E+08, 3.379779178445874E+08, 2.626297401431477E+07,
2460434.500000000, A.D. 2024-May-04 00:00:00.0000, -3.036670383749232E+08, 3.324761382683843E+08, 2.855026091221195E+07,
2460441.500000000, A.D. 2024-May-11 00:00:00.0000, -3.109890807464447E+08, 3.267985980264441E+08, 3.082245770191778E+07,
2460448.500000000, A.D. 2024-May-18 00:00:00.0000, -3.181478201723109E+08, 3.209494262556493E+08, 3.307846976621214E+07,
2460455.500000000, A.D. 2024-May-25 00:00:00.0000, -3.251405455288806E+08, 3.149327496990556E+08, 3.531722120103560E+07,
2460462.500000000, A.D. 2024-Jun-01 00:00:00.0000, -3.319646263850754E+08, 3.087526924785426E+08, 3.753765419024982E+07,
2460469.500000000, A.D. 2024-Jun-08 00:00:00.0000, -3.386175100740017E+08, 3.024133758071721E+08, 3.973872835434318E+07,
2460476.500000000, A.D. 2024-Jun-15 00:00:00.0000, -3.450967181973514E+08, 2.959189181797444E+08, 4.191942008163358E+07,
2460483.500000000, A.D. 2024-Jun-22 00:00:00.0000, -3.513998435669976E+08, 2.892734372108552E+08, 4.407872203087734E+07,
2460490.500000000, A.D. 2024-Jun-29 00:00:00.0000, -3.575245497050856E+08, 2.824810512958809E+08, 4.621564285184617E+07,
2460497.500000000, A.D. 2024-Jul-06 00:00:00.0000, -3.634685702542302E+08, 2.755458786203697E+08, 4.832920667989102E+07,
2460504.500000000, A.D. 2024-Jul-13 00:00:00.0000, -3.692297063436825E+08, 2.684720363354868E+08, 5.041845245659830E+07,
2460511.500000000, A.D. 2024-Jul-20 00:00:00.0000, -3.748058238951688E+08, 2.612636410424121E+08, 5.248243335255685E+07,
2460518.500000000, A.D. 2024-Jul-27 00:00:00.0000, -3.801948515222376E+08, 2.539248096221120E+08, 5.452021627388617E+07,
2460525.500000000, A.D. 2024-Aug-03 00:00:00.0000, -3.853947787473635E+08, 2.464596600304154E+08, 5.653088139651975E+07,
2460532.500000000, A.D. 2024-Aug-10 00:00:00.0000, -3.904036543697925E+08, 2.388723120486510E+08, 5.851352171240853E+07,
2460539.500000000, A.D. 2024-Aug-17 00:00:00.0000, -3.952195849371836E+08, 2.311668880078761E+08, 6.046724258509728E+07,
2460546.500000000, A.D. 2024-Aug-24 00:00:00.0000, -3.998407332937843E+08, 2.233475134625483E+08, 6.239116131049070E+07,
2460553.500000000, A.D. 2024-Aug-31 00:00:00.0000, -4.042653170892218E+08, 2.154183177511318E+08, 6.428440666732235E+07,
2460560.500000000, A.D. 2024-Sep-07 00:00:00.0000, -4.084916068810639E+08, 2.073834345687973E+08, 6.614611843407087E+07,
2460567.500000000, A.D. 2024-Sep-14 00:00:00.0000, -4.125179237441514E+08, 1.992470035461187E+08, 6.797544694565299E+07,
2460574.500000000, A.D. 2024-Sep-21 00:00:00.0000, -4.163426384147840E+08, 1.910131732440105E+08, 6.977155290952930E+07,
2460581.500000000, A.D. 2024-Sep-28 00:00:00.0000, -4.199641724574727E+08, 1.826861023361388E+08, 7.153360726230043E+07,
2460588.500000000, A.D. 2024-Oct-05 00:00:00.0000, -4.233809977823586E+08, 1.742699589795263E+08, 7.326079073021081E+07,
2460595.500000000, A.D. 2024-Oct-12 00:00:00.0000, -4.265916348711533E+08, 1.657689213500950E+08, 7.495229336966118E+07,
2460602.500000000, A.D. 2024-Oct-19 00:00:00.0000, -4.295946514631166E+08, 1.571871790694132E+08, 7.660731422619867E+07,
2460609.500000000, A.D. 2024-Oct-26 00:00:00.0000, -4.323886617345902E+08, 1.485289347203634E+08, 7.822506104983744E+07,
2460616.500000000, A.D. 2024-Nov-02 00:00:00.0000, -4.349723257146859E+08, 1.397984053026745E+08, 7.980475003124660E+07,
2460623.500000000, A.D. 2024-Nov-09 00:00:00.0000, -4.373443488402286E+08, 1.309998236479393E+08, 8.134560555182324E+07,
2460630.500000000, A.D. 2024-Nov-16 00:00:00.0000, -4.395034816240445E+08, 1.221374397932289E+08, 8.284685994552657E+07,
2460637.500000000, A.D. 2024-Nov-23 00:00:00.0000, -4.414485193899583E+08, 1.132155222623374E+08, 8.430775326438716E+07,
2460644.500000000, A.D. 2024-Nov-30 00:00:00.0000, -4.431783018666621E+08, 1.042383592110171E+08, 8.572753302544427E+07,
2460651.500000000, A.D. 2024-Dec-07 00:00:00.0000, -4.446917122214904E+08, 9.521025985577193E+07, 8.710545393535858E+07,
2460658.500000000, A.D. 2024-Dec-14 00:00:00.0000, -4.459876762234144E+08, 8.613555740876070E+07, 8.844077775624129E+07,
2460665.500000000, A.D. 2024-Dec-21 00:00:00.0000, -4.470651638559157E+08, 7.701861227647626E+07, 8.973277342464925E+07,
2460672.500000000, A.D. 2024-Dec-28 00:00:00.0000, -4.479231914102557E+08, 6.786381255453007E+07, 9.098071700145511E+07,
2460679.500000000, A.D. 2025-Jan-04 00:00:00.0000, -4.485608214623889E+08, 5.867557419479342E+07, 9.218389140919124E+07,
2460686.500000000, A.D. 2025-Jan-11 00:00:00.0000, -4.489771625545659E+08, 4.945834250267417E+07, 9.334158625973891E+07,
2460693.500000000, A.D. 2025-Jan-18 00:00:00.0000, -4.491713695010949E+08, 4.021659404316422E+07, 9.445309778221007E+07,
2460700.500000000, A.D. 2025-Jan-25 00:00:00.0000, -4.491426440782724E+08, 3.095483847972652E+07, 9.551772879121232E+07,
2460707.500000000, A.D. 2025-Feb-01 00:00:00.0000, -4.488902359118471E+08, 2.167762031479406E+07, 9.653478867688757E+07,
2460714.500000000, A.D. 2025-Feb-08 00:00:00.0000, -4.484134435062947E+08, 1.238952055002952E+07, 9.750359341412339E+07,
2460721.500000000, A.D. 2025-Feb-15 00:00:00.0000, -4.477116153901577E+08, 3.095158244492233E+06, 9.842346558787170E+07,
2460728.500000000, A.D. 2025-Feb-22 00:00:00.0000, -4.467841512817941E+08, -6.200808095139399E+06, 9.929373442156407E+07,
2460735.500000000, A.D. 2025-Mar-01 00:00:00.0000, -4.456305029442903E+08, -1.549367922860213E+07, 1.001137357845919E+08,
2460742.500000000, A.D. 2025-Mar-08 00:00:00.0000, -4.442501744998364E+08, -2.477871314159231E+07, 1.008828122289681E+08,
2460749.500000000, A.D. 2025-Mar-15 00:00:00.0000, -4.426427239464427E+08, -3.405112149389835E+07, 1.016003132776584E+08,
2460756.500000000, A.D. 2025-Mar-22 00:00:00.0000, -4.408077670193968E+08, -4.330606747532731E+07, 1.022655958315313E+08,
2460763.500000000, A.D. 2025-Mar-29 00:00:00.0000, -4.387449798240528E+08, -5.253866591248037E+07, 1.028780242987685E+08,
2460770.500000000, A.D. 2025-Apr-05 00:00:00.0000, -4.364540999157718E+08, -6.174398248972436E+07, 1.034369706730033E+08,
2460777.500000000, A.D. 2025-Apr-12 00:00:00.0000, -4.339349277537578E+08, -7.091703198540151E+07, 1.039418147446750E+08,
2460784.500000000, A.D. 2025-Apr-19 00:00:00.0000, -4.311873287205918E+08, -8.005277641189015E+07, 1.043919443915856E+08,
2460791.500000000, A.D. 2025-Apr-26 00:00:00.0000, -4.282112354436016E+08, -8.914612326911496E+07, 1.047867559095730E+08,
2460798.500000000, A.D. 2025-May-03 00:00:00.0000, -4.250066503129228E+08, -9.819192389739743E+07, 1.051256543774339E+08,
2460805.500000000, A.D. 2025-May-10 00:00:00.0000, -4.215736481756324E+08, -1.071849719252890E+08, 1.054080540570400E+08,
2460812.500000000, A.D. 2025-May-17 00:00:00.0000, -4.179123791763509E+08, -1.161200018578259E+08, 1.056333788244195E+08,
2460819.500000000, A.D. 2025-May-24 00:00:00.0000, -4.140230715768878E+08, -1.249916878647084E+08, 1.058010626136148E+08,
2460826.500000000, A.D. 2025-May-31 00:00:00.0000, -4.099060341432077E+08, -1.337946424633106E+08, 1.059105498624470E+08,
2460833.500000000, A.D. 2025-Jun-07 00:00:00.0000, -4.055616585063004E+08, -1.425234138985879E+08, 1.059612960973190E+08,
2460840.500000000, A.D. 2025-Jun-14 00:00:00.0000, -4.009904238672481E+08, -1.511724828952174E+08, 1.059527688214320E+08,
2460847.500000000, A.D. 2025-Jun-21 00:00:00.0000, -3.961929028372305E+08, -1.597362620634256E+08, 1.058844483302746E+08,
2460854.500000000, A.D. 2025-Jun-28 00:00:00.0000, -3.911697652926463E+08, -1.682090962035680E+08, 1.057558283149880E+08,
2460861.500000000, A.D. 2025-Jul-05 00:00:00.0000, -3.859217817684997E+08, -1.765852613623898E+08, 1.055664165715465E+08,
2460868.500000000, A.D. 2025-Jul-12 00:00:00.0000, -3.804498275864398E+08, -1.848589634577178E+08, 1.053157358613835E+08,
2460875.500000000, A.D. 2025-Jul-19 00:00:00.0000, -3.747548875343519E+08, -1.930243370604445E+08, 1.050033248619030E+08,
2460882.500000000, A.D. 2025-Jul-26 00:00:00.0000, -3.688380608951694E+08, -2.010754444052274E+08, 1.046287391865337E+08,
2460889.500000000, A.D. 2025-Aug-02 00:00:00.0000, -3.627005667670989E+08, -2.090062746235999E+08, 1.041915524738133E+08,
2460896.500000000, A.D. 2025-Aug-09 00:00:00.0000, -3.563437496588048E+08, -2.168107432304024E+08, 1.036913575458099E+08,
2460903.500000000, A.D. 2025-Aug-16 00:00:00.0000, -3.497690852890316E+08, -2.244826919444213E+08, 1.031277676273129E+08,
2460910.500000000, A.D. 2025-Aug-23 00:00:00.0000, -3.429781863040556E+08, -2.320158888459305E+08, 1.025004176040581E+08,
2460917.500000000, A.D. 2025-Aug-30 00:00:00.0000, -3.359728075894396E+08, -2.394040281777052E+08, 1.018089653519527E+08,
2460924.500000000, A.D. 2025-Sep-06 00:00:00.0000, -3.287548525984785E+08, -2.466407288113939E+08, 1.010530933527244E+08,
2460931.500000000, A.D. 2025-Sep-13 00:00:00.0000, -3.213263823714585E+08, -2.537195338869368E+08, 1.002325105500229E+08,
2460938.500000000, A.D. 2025-Sep-20 00:00:00.0000, -3.136896239765800E+08, -2.606339132972289E+08, 9.934695401590945E+07,
2460945.500000000, A.D. 2025-Sep-27 00:00:00.0000, -3.058469773177847E+08, -2.673772659349316E+08, 9.839619058967116E+07,
2460952.500000000, A.D. 2025-Oct-04 00:00:00.0000, -2.978010223272724E+08, -2.739429211910669E+08, 9.738001872180580E+07,
2460959.500000000, A.D. 2025-Oct-11 00:00:00.0000, -2.895545269147732E+08, -2.803241406796272E+08, 9.629827048349026E+07,
2460966.500000000, A.D. 2025-Oct-18 00:00:00.0000, -2.811104553866769E+08, -2.865141204972653E+08, 9.515081369623093E+07,
2460973.500000000, A.D. 2025-Oct-25 00:00:00.0000, -2.724719771912262E+08, -2.925059940446811E+08, 9.393755417332259E+07,
2460980.500000000, A.D. 2025-Nov-01 00:00:00.0000, -2.636424759446012E+08, -2.982928354338835E+08, 9.265843807435696E+07,
2460987.500000000, A.D. 2025-Nov-08 00:00:00.0000, -2.546255586952095E+08, -3.038676635542123E+08, 9.131345437027274E+07,
2460994.500000000, A.D. 2025-Nov-15 00:00:00.0000, -2.454250652673436E+08, -3.092234468992204E+08, 8.990263740334496E+07,
2461001.500000000, A.D. 2025-Nov-22 00:00:00.0000, -2.360450772675834E+08, -3.143531089797564E+08, 8.842606952538198E+07,
2461008.500000000, A.D. 2025-Nov-29 00:00:00.0000, -2.264899268896662E+08, -3.192495332346538E+08, 8.688388392219225E+07,
2461015.500000000, A.D. 2025-Dec-06 00:00:00.0000, -2.167642077725298E+08, -3.239055676217516E+08, 8.527626782166128E+07,
2461022.500000000, A.D. 2025-Dec-13 00:00:00.0000, -2.068727874488035E+08, -3.283140323083609E+08, 8.360346576831484E+07,
2461029.500000000, A.D. 2025-Dec-20 00:00:00.0000, -1.968208178559914E+08, -3.324677294906630E+08, 8.186578272529301E+07,
2461036.500000000, A.D. 2025-Dec-27 00:00:00.0000, -1.866137449440226E+08, -3.363594528060763E+08, 8.006358731145969E+07,
2461043.500000000, A.D. 2026-Jan-03 00:00:00.0000, -1.762573187927243E+08, -3.399819970116605E+08, 7.819731525432034E+07,
2461050.500000000, A.D. 2026-Jan-10 00:00:00.0000, -1.657576040788869E+08, -3.433281686662152E+08, 7.626747298972911E+07,
2461057.500000000, A.D. 2026-Jan-17 00:00:00.0000, -1.551209906038603E+08, -3.463907979660727E+08, 7.427464137459081E+07,
2461064.500000000, A.D. 2026-Jan-24 00:00:00.0000, -1.443542037397280E+08, -3.491627517693806E+08, 7.221947950026220E+07,
2461071.500000000, A.D. 2026-Jan-31 00:00:00.0000, -1.334643146982322E+08, -3.516369478722923E+08, 7.010272859473741E+07,
2461078.500000000, A.D. 2026-Feb-07 00:00:00.0000, -1.224587504794611E+08, -3.538063706481012E+08, 6.792521599169978E+07,
2461085.500000000, A.D. 2026-Feb-14 00:00:00.0000, -1.113453031559389E+08, -3.556640881153803E+08, 6.568785912772611E+07,
2461092.500000000, A.D. 2026-Feb-21 00:00:00.0000, -1.001321380031765E+08, -3.572032699052866E+08, 6.339166956230089E+07,
2461099.500000000, A.D. 2026-Feb-28 00:00:00.0000, -8.882780144986644E+07, -3.584172050166115E+08, 6.103775719447620E+07,
2461106.500000000, A.D. 2026-Mar-07 00:00:00.0000, -7.744123078334154E+07, -3.592993213438947E+08, 5.862733468231291E+07,
2461113.500000000, A.D. 2026-Mar-14 00:00:00.0000, -6.598176270030738E+07, -3.598432093408812E+08, 5.616172159373385E+07,
2461120.500000000, A.D. 2026-Mar-21 00:00:00.0000, -5.445913877626443E+07, -3.600426469440913E+08, 5.364234833352609E+07,
2461127.500000000, A.D. 2026-Mar-28 00:00:00.0000, -4.288350970993006E+07, -3.598916247389870E+08, 5.107076008275339E+07,
2461134.500000000, A.D. 2026-Apr-04 00:00:00.0000, -3.126543878311012E+07, -3.593843723314543E+08, 4.844862069084203E+07,
2461141.500000000, A.D. 2026-Apr-11 00:00:00.0000, -1.961590408920262E+07, -3.585153862661704E+08, 4.577771642554860E+07,
2461148.500000000, A.D. 2026-Apr-18 00:00:00.0000, -7.946299189073319E+06, -3.572794594624977E+08, 4.305995952121104E+07,
2461155.500000000, A.D. 2026-Apr-25 00:00:00.0000, 3.731568042150753E+06, -3.556717120978895E+08, 4.029739147384670E+07,
2461162.500000000, A.D. 2026-May-02 00:00:00.0000, 1.540547860554884E+07, -3.536876238930728E+08, 3.749218602608788E+07,
2461169.500000000, A.D. 2026-May-09 00:00:00.0000, 2.706280793181538E+07, -3.513230677678695E+08, 3.464665177033018E+07,
2461176.500000000, A.D. 2026-May-16 00:00:00.0000, 3.869053437736160E+07, -3.485743446065568E+08, 3.176323428865020E+07,
2461183.500000000, A.D. 2026-May-23 00:00:00.0000, 5.027525091517096E+07, -3.454382179592862E+08, 2.884451784685011E+07,
2461190.500000000, A.D. 2026-May-30 00:00:00.0000, 6.180317813779698E+07, -3.419119481777437E+08, 2.589322679487260E+07,
2461197.500000000, A.D. 2026-Jun-06 00:00:00.0000, 7.326017844420080E+07, -3.379933290434844E+08, 2.291222636827642E+07,
2461204.500000000, A.D. 2026-Jun-13 00:00:00.0000, 8.463177525510643E+07, -3.336807264448185E+08, 1.990452250318210E+07,
2461211.500000000, A.D. 2026-Jun-20 00:00:00.0000, 9.590317691736442E+07, -3.289731159015782E+08, 1.687326088253863E+07,
2461218.500000000, A.D. 2026-Jun-27 00:00:00.0000, 1.070593037373958E+08, -3.238701189700901E+08, 1.382172527506125E+07,
2461225.500000000, A.D. 2026-Jul-04 00:00:00.0000, 1.180848182544338E+08, -3.183720389623861E+08, 1.075333503849880E+07,
2461232.500000000, A.D. 2026-Jul-11 00:00:00.0000, 1.289641590852253E+08, -3.124798957390487E+08, 7.671641691362962E+06,
2461239.500000000, A.D. 2026-Jul-18 00:00:00.0000, 1.396815784718523E+08, -3.061954591472137E+08, 4.580324489831865E+06,
2461246.500000000, A.D. 2026-Jul-25 00:00:00.0000, 1.502211835530604E+08, -2.995212806700763E+08, 1.483184957724184E+06,
2461253.500000000, A.D. 2026-Aug-01 00:00:00.0000, 1.605669813581848E+08, -2.924607228825406E+08, -1.615859679787427E+06,
2461260.500000000, A.D. 2026-Aug-08 00:00:00.0000, 1.707029276417889E+08, -2.850179862839293E+08, -4.712784210950106E+06,
2461267.500000000, A.D. 2026-Aug-15 00:00:00.0000, 1.806129798220395E+08, -2.771981325921827E+08, -7.803464319011912E+06,
2461274.500000000, A.D. 2026-Aug-22 00:00:00.0000, 1.902811530453745E+08, -2.690071028184893E+08, -1.088368646538427E+07,
2461281.500000000, A.D. 2026-Aug-29 00:00:00.0000, 1.996915768012846E+08, -2.604517310422791E+08, -1.394915866753528E+07,
2461288.500000000, A.D. 2026-Sep-05 00:00:00.0000, 2.088285538630245E+08, -2.515397563123277E+08, -1.699552257702236E+07,
2461295.500000000, A.D. 2026-Sep-12 00:00:00.0000, 2.176766235867832E+08, -2.422798297578321E+08, -2.001836683610845E+07,
2461302.500000000, A.D. 2026-Sep-19 00:00:00.0000, 2.262206272153276E+08, -2.326815149802026E+08, -2.301324135278820E+07,
2461309.500000000, A.D. 2026-Sep-26 00:00:00.0000, 2.344457737965254E+08, -2.227552823234149E+08, -2.597567241044211E+07,
2461316.500000000, A.D. 2026-Oct-03 00:00:00.0000, 2.423377063873079E+08, -2.125124972056714E+08, -2.890117857246807E+07,
2461323.500000000, A.D. 2026-Oct-10 00:00:00.0000, 2.498825680983017E+08, -2.019654023454641E+08, -3.178528728411484E+07,
2461330.500000000, A.D. 2026-Oct-17 00:00:00.0000, 2.570670673635633E+08, -1.911270937517112E+08, -3.462355204199832E+07,
2461337.500000000, A.D. 2026-Oct-24 00:00:00.0000, 2.638785417614880E+08, -1.800114904715906E+08, -3.741156998697715E+07,
2461344.500000000, A.D. 2026-Oct-31 00:00:00.0000, 2.703050197706447E+08, -1.686332982195820E+08, -4.014499977215908E+07,
2461351.500000000, A.D. 2026-Nov-07 00:00:00.0000, 2.763352800865479E+08, -1.570079669600421E+08, -4.281957955639211E+07,
2461358.500000000, A.D. 2026-Nov-14 00:00:00.0000, 2.819589080100501E+08, -1.451516418005171E+08, -4.543114488674355E+07,
2461365.500000000, A.D. 2026-Nov-21 00:00:00.0000, 2.871663464378551E+08, -1.330811068625566E+08, -4.797564606232499E+07,
2461372.500000000, A.D. 2026-Nov-28 00:00:00.0000, 2.919489398353845E+08, -1.208137255794947E+08, -5.044916494662009E+07,
2461379.500000000, A.D. 2026-Dec-05 00:00:00.0000, 2.962989742433306E+08, -1.083673785983127E+08, -5.284793142810200E+07,
2461386.500000000, A.D. 2026-Dec-12 00:00:00.0000, 3.002097129901295E+08, -9.576039677255052E+07, -5.516833911093140E+07,
2461393.500000000, A.D. 2026-Dec-19 00:00:00.0000, 3.036754258149883E+08, -8.301148990803620E+07, -5.740695989409918E+07,
2461400.500000000, A.D. 2026-Dec-26 00:00:00.0000, 3.066914109407973E+08, -7.013967285259479E+07, -5.956055734281748E+07,
2461407.500000000, A.D. 2027-Jan-02 00:00:00.0000, 3.092540101511976E+08, -5.716418988308805E+07, -6.162609875591266E+07,
2461414.500000000, A.D. 2027-Jan-09 00:00:00.0000, 3.113606168689248E+08, -4.410443815601335E+07, -6.360076582091556E+07,
2461421.500000000, A.D. 2027-Jan-16 00:00:00.0000, 3.130096772548046E+08, -3.097989100745654E+07, -6.548196376413381E+07,
2461428.500000000, A.D. 2027-Jan-23 00:00:00.0000, 3.142006844604607E+08, -1.781002192952091E+07, -6.726732893187532E+07,
2461435.500000000, A.D. 2027-Jan-30 00:00:00.0000, 3.149341664071119E+08, -4.614230037022240E+06, -6.895473477713707E+07,
2461442.500000000, A.D. 2027-Feb-06 00:00:00.0000, 3.152116677873253E+08, 8.588232587953191E+06, -7.054229623914613E+07,
2461449.500000000, A.D. 2027-Feb-13 00:00:00.0000, 3.150357261871341E+08, 2.177833222322068E+07, -7.202837237394322E+07,
2461456.500000000, A.D. 2027-Feb-20 00:00:00.0000, 3.144098404098029E+08, 3.493732210523646E+07, -7.341156711204784E+07,
2461463.500000000, A.D. 2027-Feb-27 00:00:00.0000, 3.133384329024881E+08, 4.804680453834721E+07, -7.469072858455710E+07,
2461470.500000000, A.D. 2027-Mar-06 00:00:00.0000, 3.118268098477584E+08, 6.108878797087000E+07, -7.586494720381066E+07,
2461477.500000000, A.D. 2027-Mar-13 00:00:00.0000, 3.098811179035115E+08, 7.404574070910522E+07, -7.693355226876149E+07,
2461484.500000000, A.D. 2027-Mar-20 00:00:00.0000, 3.075082970739954E+08, 8.690064014060599E+07, -7.789610716073859E+07,
2461491.500000000, A.D. 2027-Mar-27 00:00:00.0000, 3.047160305371003E+08, 9.963701670784062E+07, -7.875240330646211E+07,
2461498.500000000, A.D. 2027-Apr-03 00:00:00.0000, 3.015126922520524E+08, 1.122389924577336E+08, -7.950245305341521E+07,
2461505.500000000, A.D. 2027-Apr-10 00:00:00.0000, 2.979072930172576E+08, 1.246913141430650E+08, -8.014648159022158E+07,
2461512.500000000, A.D. 2027-Apr-17 00:00:00.0000, 2.939094255865749E+08, 1.369793808888887E+08, -8.068491804781818E+07,
2461519.500000000, A.D. 2027-Apr-24 00:00:00.0000, 2.895292094792024E+08, 1.490892664574348E+08, -8.111838592772084E+07,
2461526.500000000, A.D. 2027-May-01 00:00:00.0000, 2.847772363022121E+08, 1.610077362945569E+08, -8.144769301577210E+07,
2461533.500000000, A.D. 2027-May-08 00:00:00.0000, 2.796645163674527E+08, 1.727222603099320E+08, -8.167382087701319E+07,
2461540.500000000, A.D. 2027-May-15 00:00:00.0000, 2.742024255264744E+08, 1.842210225934116E+08, -8.179791383681400E+07,
2461547.500000000, A.D. 2027-May-22 00:00:00.0000, 2.684026510374049E+08, 1.954929257698804E+08, -8.182126763419011E+07,
2461554.500000000, A.D. 2027-May-29 00:00:00.0000, 2.622771401563883E+08, 2.065275888387505E+08, -8.174531828820617E+07,
2461561.500000000, A.D. 2027-Jun-05 00:00:00.0000, 2.558380526149277E+08, 2.173153419543506E+08, -8.157163110116892E+07,
2461568.500000000, A.D. 2027-Jun-12 00:00:00.0000, 2.490977151979136E+08, 2.278472189173187E+08, -8.130188966559435E+07,
2461575.500000000, A.D. 2027-Jun-19 00:00:00.0000, 2.420685782657863E+08, 2.381149467863901E+08, -8.093788499706352E+07,
2461582.500000000, A.D. 2027-Jun-26 00:00:00.0000, 2.347631746273708E+08, 2.481109326948009E+08, -8.048150490565878E+07,
2461589.500000000, A.D. 2027-Jul-03 00:00:00.0000, 2.271940809807343E+08, 2.578282482240626E+08, -7.993472367512499E+07,
2461596.500000000, A.D. 2027-Jul-10 00:00:00.0000, 2.193738820100138E+08, 2.672606116817555E+08, -7.929959210391793E+07,
2461603.500000000, A.D. 2027-Jul-17 00:00:00.0000, 2.113151371961818E+08, 2.764023685679897E+08, -7.857822795898825E+07,
2461610.500000000, A.D. 2027-Jul-24 00:00:00.0000, 2.030303504913189E+08, 2.852484704713542E+08, -7.777280689699295E+07,
2461617.500000000, A.D. 2027-Jul-31 00:00:00.0000, 1.945319432340501E+08, 2.937944529121842E+08, -7.688555389722347E+07,
2461624.500000000, A.D. 2027-Aug-07 00:00:00.0000, 1.858322300480246E+08, 3.020364135433111E+08, -7.591873511051795E+07,
2461631.500000000, A.D. 2027-Aug-14 00:00:00.0000, 1.769433953395859E+08, 3.099709906878300E+08, -7.487464994043197E+07,
2461638.500000000, A.D. 2027-Aug-21 00:00:00.0000, 1.678774709111560E+08, 3.175953390698406E+08, -7.375562369045745E+07,
2461645.500000000, A.D. 2027-Aug-28 00:00:00.0000, 1.586463180170588E+08, 3.249071041443786E+08, -7.256400099534439E+07,
2461652.500000000, A.D. 2027-Sep-04 00:00:00.0000, 1.492616125662787E+08, 3.319043977020481E+08, -7.130213971830869E+07,
2461659.500000000, A.D. 2027-Sep-11 00:00:00.0000, 1.397348319517198E+08, 3.385857742399542E+08, -6.997240522980051E+07,
2461666.500000000, A.D. 2027-Sep-18 00:00:00.0000, 1.300772435108861E+08, 3.449502075846394E+08, -6.857716512075190E+07,
2461673.500000000, A.D. 2027-Sep-25 00:00:00.0000, 1.202998947175931E+08, 3.509970678070502E+08, -6.711878436305016E+07,
2461680.500000000, A.D. 2027-Oct-02 00:00:00.0000, 1.104136050505347E+08, 3.567260985571596E+08, -6.559962090522669E+07,
2461687.500000000, A.D. 2027-Oct-09 00:00:00.0000, 1.004289594332548E+08, 3.621373948975138E+08, -6.402202168750305E+07,
2461694.500000000, A.D. 2027-Oct-16 00:00:00.0000, 9.035630318325126E+07, 3.672313816497113E+08, -6.238831906697394E+07,
2461701.500000000, A.D. 2027-Oct-23 00:00:00.0000, 8.020573860804664E+07, 3.720087923037980E+08, -6.070082765699336E+07,
2461708.500000000, A.D. 2027-Oct-30 00:00:00.0000, 6.998712350561804E+07, 3.764706491455353E+08, -5.896184154497412E+07,
2461715.500000000, A.D. 2027-Nov-06 00:00:00.0000, 5.971007029559282E+07, 3.806182457628922E+08, -5.717363166947418E+07,
2461722.500000000, A.D. 2027-Nov-13 00:00:00.0000, 4.938394369010457E+07, 3.844531298732407E+08, -5.533844332198253E+07,
2461729.500000000, A.D. 2027-Nov-20 00:00:00.0000, 3.901785970091078E+07, 3.879770842976104E+08, -5.345849419632410E+07,
2461736.500000000, A.D. 2027-Nov-27 00:00:00.0000, 2.862068750571464E+07, 3.911921090583424E+08, -5.153597287326026E+07,
2461743.500000000, A.D. 2027-Dec-04 00:00:00.0000, 1.820105206476162E+07, 3.941004055136212E+08, -4.957303746064262E+07,
2461750.500000000, A.D. 2027-Dec-11 00:00:00.0000, 7.767336855127764E+06, 3.967043615560810E+08, -4.757181439740880E+07,
2461757.500000000, A.D. 2027-Dec-18 00:00:00.0000, -2.672313079082843E+06, 3.990065375237367E+08, -4.553439745534208E+07,
2461764.500000000, A.D. 2027-Dec-25 00:00:00.0000, -1.310998767965117E+07, 4.010096528045111E+08, -4.346284693469658E+07,
2461771.500000000, A.D. 2028-Jan-01 00:00:00.0000, -2.353800805481644E+07, 4.027165731289710E+08, -4.135918903927132E+07,
$$EOE